3,1,717.22,380.22,33.00,29.00,1,-1,-1,-1
3,2,386.66,368.00,27.89,43.77,1,-1,-1,-1
4,1,716.98,379.98,33.00,29.00,1,-1,-1,-1
4,2,386.32,368.76,27.57,43.22,1,-1,-1,-1
5,1,716.96,379.92,32.17,28.26,1,-1,-1,-1
5,2,386.47,369.01,28.45,44.52,1,-1,-1,-1
6,1,716.59,379.19,32.66,28.74,1,-1,-1,-1
6,2,386.33,369.79,28.42,44.24,1,-1,-1,-1
6,4,298.61,201.00,23.79,22.78,1,-1,-1,-1
7,1,716.16,378.95,32.07,28.21,1,-1,-1,-1
7,2,386.53,370.05,29.33,45.52,1,-1,-1,-1
7,4,299.25,200.25,24.00,23.03,1,-1,-1,-1
7,5,981.33,509.00,41.54,26.98,1,-1,-1,-1
8,1,716.01,378.89,31.86,28.02,1,-1,-1,-1
8,2,386.57,370.81,29.71,45.97,1,-1,-1,-1
8,4,299.15,200.00,23.98,23.09,1,-1,-1,-1
8,5,979.98,509.00,41.70,26.95,1,-1,-1,-1
9,1,715.28,378.88,31.80,27.96,1,-1,-1,-1
9,2,386.76,371.08,29.50,45.44,1,-1,-1,-1
9,4,299.81,199.93,23.26,22.38,1,-1,-1,-1
9,5,977.80,508.26,43.06,27.70,1,-1,-1,-1
10,1,714.35,378.21,31.80,27.94,1,-1,-1,-1
10,2,386.79,371.15,29.49,45.23,1,-1,-1,-1
10,4,300.37,199.92,23.05,22.12,1,-1,-1,-1
10,5,976.16,508.01,42.56,27.24,1,-1,-1,-1
11,1,713.92,377.90,31.66,27.83,1,-1,-1,-1
11,2,386.27,371.17,29.87,45.81,1,-1,-1,-1
11,4,300.83,199.92,23.81,22.72,1,-1,-1,-1
11,5,975.17,507.94,42.57,27.07,1,-1,-1,-1
12,2,386.74,371.16,30.01,46.02,1,-1,-1,-1
12,4,300.95,199.93,24.16,22.94,1,-1,-1,-1
12,5,972.90,507.23,43.75,27.70,1,-1,-1,-1
12,6,342.55,384.02,22.36,33.98,1,-1,-1,-1
13,2,386.73,371.81,30.43,46.75,1,-1,-1,-1
13,4,300.93,199.94,24.37,23.01,1,-1,-1,-1
13,5,970.71,506.31,44.30,27.93,1,-1,-1,-1
13,6,342.46,384.20,22.24,33.80,1,-1,-1,-1
14,2,386.74,372.12,30.63,47.05,1,-1,-1,-1
14,4,301.27,199.95,23.74,22.37,1,-1,-1,-1
14,5,968.37,505.98,45.64,28.68,1,-1,-1,-1
15,2,387.08,372.10,30.68,47.08,1,-1,-1,-1
15,4,301.96,199.95,23.69,22.12,1,-1,-1,-1
15,5,965.81,505.20,46.30,28.96,1,-1,-1,-1
16,2,387.72,372.80,30.27,46.44,1,-1,-1,-1
16,4,301.06,199.29,25.30,23.37,1,-1,-1,-1
16,5,963.04,504.26,47.60,29.72,1,-1,-1,-1
16,6,342.80,384.99,22.33,33.97,1,-1,-1,-1
17,2,387.48,373.04,31.05,47.53,1,-1,-1,-1
17,4,300.92,199.05,26.13,23.83,1,-1,-1,-1
17,5,961.00,503.27,48.21,30.00,1,-1,-1,-1
17,6,342.82,385.21,22.29,33.91,1,-1,-1,-1
18,2,386.91,373.12,31.65,48.59,1,-1,-1,-1
18,4,300.49,198.96,26.55,24.00,1,-1,-1,-1
18,5,958.56,502.90,48.60,30.09,1,-1,-1,-1
19,2,387.45,373.80,31.64,48.33,1,-1,-1,-1
19,4,299.93,198.28,27.46,24.72,1,-1,-1,-1
19,5,957.06,502.79,48.03,29.46,1,-1,-1,-1
19,6,342.72,384.20,23.43,35.74,1,-1,-1,-1
20,2,387.72,374.04,32.18,48.87,1,-1,-1,-1
20,4,299.13,198.67,27.69,24.98,1,-1,-1,-1
20,5,954.46,502.77,48.04,29.21,1,-1,-1,-1
20,6,342.73,384.07,23.54,35.98,1,-1,-1,-1
21,2,387.21,373.47,32.93,49.72,1,-1,-1,-1
21,4,298.71,198.84,28.62,25.73,1,-1,-1,-1
21,5,952.49,502.11,48.17,29.11,1,-1,-1,-1
21,6,343.12,385.36,22.79,34.73,1,-1,-1,-1
22,2,386.96,373.24,33.32,50.03,1,-1,-1,-1
22,4,299.45,199.55,29.12,26.00,1,-1,-1,-1
22,5,950.51,501.88,48.19,29.06,1,-1,-1,-1
22,6,342.39,385.84,22.92,34.92,1,-1,-1,-1
23,2,386.98,373.42,33.56,50.40,1,-1,-1,-1
23,4,298.76,200.48,29.31,26.10,1,-1,-1,-1
23,5,948.57,501.82,48.06,29.05,1,-1,-1,-1
23,6,342.35,386.05,22.96,34.98,1,-1,-1,-1
24,2,387.24,373.91,33.48,50.18,1,-1,-1,-1
24,4,297.56,200.84,30.58,27.43,1,-1,-1,-1
24,5,947.75,501.81,47.01,28.37,1,-1,-1,-1
24,6,342.86,386.05,22.98,35.01,1,-1,-1,-1
25,2,387.27,374.04,33.54,50.16,1,-1,-1,-1
25,4,297.17,200.98,30.93,27.93,1,-1,-1,-1
25,5,947.32,501.82,45.69,27.45,1,-1,-1,-1
25,6,343.16,386.75,22.61,34.34,1,-1,-1,-1
26,2,387.18,375.40,34.44,51.47,1,-1,-1,-1
26,4,296.80,201.03,30.85,28.11,1,-1,-1,-1
26,5,946.03,502.51,46.28,27.78,1,-1,-1,-1
26,6,344.10,388.34,22.14,33.43,1,-1,-1,-1
27,1,706.85,377.96,31.28,27.98,1,-1,-1,-1
27,2,387.40,377.86,34.24,50.65,1,-1,-1,-1
27,4,296.93,204.29,30.28,28.17,1,-1,-1,-1
27,5,945.68,504.76,45.00,27.24,1,-1,-1,-1
27,6,344.03,390.26,22.13,33.10,1,-1,-1,-1
28,1,706.40,377.92,31.27,27.98,1,-1,-1,-1
28,2,387.47,378.41,34.42,50.90,1,-1,-1,-1
28,4,296.69,208.80,29.99,28.18,1,-1,-1,-1
28,5,947.35,508.97,43.76,26.37,1,-1,-1,-1
28,6,344.18,390.83,22.02,32.94,1,-1,-1,-1
29,4,297.69,213.13,27.05,25.55,1,-1,-1,-1
29,5,946.30,509.56,43.40,26.15,1,-1,-1,-1
29,6,344.06,397.39,22.79,33.74,1,-1,-1,-1
30,4,298.11,214.77,26.51,25.18,1,-1,-1,-1
30,6,344.19,398.65,22.76,33.69,1,-1,-1,-1
30,7,770.75,387.06,74.28,57.39,1,-1,-1,-1
31,4,297.62,215.33,26.95,25.72,1,-1,-1,-1
31,7,768.88,387.17,75.41,58.42,1,-1,-1,-1
32,4,297.85,215.50,26.95,25.92,1,-1,-1,-1
32,7,768.46,387.18,74.78,58.04,1,-1,-1,-1
32,8,941.18,513.22,51.56,24.78,1,-1,-1,-1
33,4,298.28,215.52,26.92,25.99,1,-1,-1,-1
33,7,766.89,386.43,75.41,58.64,1,-1,-1,-1
33,8,939.12,512.22,51.81,25.03,1,-1,-1,-1
34,4,298.48,215.48,26.86,26.02,1,-1,-1,-1
34,7,766.22,386.86,74.58,58.16,1,-1,-1,-1
34,8,937.51,511.91,51.59,25.09,1,-1,-1,-1
34,9,305.93,217.00,21.65,26.78,1,-1,-1,-1
35,4,299.53,215.44,26.21,25.36,1,-1,-1,-1
35,7,765.81,386.31,73.35,57.31,1,-1,-1,-1
35,8,935.74,511.83,51.21,25.09,1,-1,-1,-1
35,9,306.77,217.00,21.86,27.03,1,-1,-1,-1
36,4,298.96,215.38,26.56,25.78,1,-1,-1,-1
36,5,937.42,512.06,43.19,25.95,1,-1,-1,-1
36,7,765.66,386.11,73.69,57.69,1,-1,-1,-1
36,8,934.24,511.44,51.58,25.28,1,-1,-1,-1
36,9,307.01,217.00,22.10,27.32,1,-1,-1,-1
37,4,298.49,216.00,26.55,25.93,1,-1,-1,-1
37,5,935.46,511.48,43.56,25.95,1,-1,-1,-1
37,7,764.63,386.04,74.50,58.52,1,-1,-1,-1
38,4,298.73,215.55,26.36,25.99,1,-1,-1,-1
38,5,934.23,511.83,43.40,25.85,1,-1,-1,-1
38,7,763.79,386.03,74.46,58.49,1,-1,-1,-1
38,9,305.94,217.00,22.47,27.99,1,-1,-1,-1
39,4,298.89,216.02,26.15,26.01,1,-1,-1,-1
39,5,931.74,510.48,44.01,25.95,1,-1,-1,-1
39,9,305.88,217.00,22.72,28.30,1,-1,-1,-1
40,4,299.01,215.52,25.95,26.02,1,-1,-1,-1
40,5,930.29,510.21,42.96,25.28,1,-1,-1,-1
41,4,299.11,215.31,25.77,26.02,1,-1,-1,-1
41,5,928.66,509.44,43.56,25.72,1,-1,-1,-1
42,4,298.54,215.87,25.60,26.02,1,-1,-1,-1
42,5,927.01,509.16,44.64,26.54,1,-1,-1,-1
43,4,298.37,216.74,25.45,26.02,1,-1,-1,-1
43,5,925.58,509.05,44.78,26.85,1,-1,-1,-1
44,4,298.34,217.05,24.66,25.35,1,-1,-1,-1
44,5,924.34,508.35,45.68,27.62,1,-1,-1,-1
45,4,298.75,217.15,24.19,25.10,1,-1,-1,-1
45,5,922.89,508.26,45.90,27.76,1,-1,-1,-1
46,4,298.58,217.17,23.36,24.34,1,-1,-1,-1
46,5,921.00,508.04,44.68,27.20,1,-1,-1,-1
46,11,819.17,500.95,51.49,37.02,1,-1,-1,-1
47,4,298.25,217.16,22.89,24.06,1,-1,-1,-1
47,5,919.46,507.98,44.34,27.09,1,-1,-1,-1
47,9,304.82,220.87,18.61,23.25,1,-1,-1,-1
47,11,817.42,500.10,51.55,37.05,1,-1,-1,-1
48,4,298.86,217.15,22.63,23.97,1,-1,-1,-1
48,5,917.94,507.88,44.42,27.13,1,-1,-1,-1
48,9,304.55,220.27,18.86,23.76,1,-1,-1,-1
48,11,818.14,500.59,51.35,37.05,1,-1,-1,-1
49,4,298.59,217.80,23.53,25.27,1,-1,-1,-1
49,5,916.68,508.73,42.92,26.26,1,-1,-1,-1
49,7,756.15,383.06,72.66,57.02,1,-1,-1,-1
49,9,304.41,220.48,18.71,23.56,1,-1,-1,-1
49,11,817.81,500.78,51.12,37.04,1,-1,-1,-1
49,12,319.56,237.20,18.87,32.56,1,-1,-1,-1
50,4,297.56,218.68,23.77,25.75,1,-1,-1,-1
50,5,915.19,508.73,42.84,26.21,1,-1,-1,-1
50,7,755.85,382.96,73.51,57.67,1,-1,-1,-1
50,11,817.06,500.57,51.22,37.11,1,-1,-1,-1
50,12,319.38,236.70,19.25,33.20,1,-1,-1,-1
51,4,298.00,221.63,24.79,27.25,1,-1,-1,-1
51,7,755.17,382.76,73.47,57.64,1,-1,-1,-1
52,4,299.28,225.96,22.98,25.24,1,-1,-1,-1
52,7,753.63,385.25,75.60,59.48,1,-1,-1,-1
52,11,814.54,504.41,48.58,35.27,1,-1,-1,-1
53,4,299.83,229.01,22.86,25.08,1,-1,-1,-1
53,7,752.84,385.35,75.82,59.65,1,-1,-1,-1
53,11,813.52,504.95,48.13,35.02,1,-1,-1,-1
54,4,300.56,231.41,22.40,24.35,1,-1,-1,-1
54,11,812.58,505.37,47.82,34.79,1,-1,-1,-1
55,4,300.14,232.25,22.96,24.75,1,-1,-1,-1
55,9,305.17,232.53,21.38,26.81,1,-1,-1,-1
55,11,811.40,504.36,48.96,35.72,1,-1,-1,-1
56,4,299.93,232.53,23.27,24.90,1,-1,-1,-1
56,9,305.18,233.74,21.55,27.02,1,-1,-1,-1
56,11,810.42,502.83,49.07,35.89,1,-1,-1,-1
57,4,299.54,232.58,24.01,25.62,1,-1,-1,-1
57,11,808.40,501.61,49.83,36.62,1,-1,-1,-1
58,4,299.37,232.56,24.32,25.89,1,-1,-1,-1
58,11,807.09,501.16,49.98,36.89,1,-1,-1,-1
59,4,299.29,232.52,24.47,25.99,1,-1,-1,-1
59,11,805.93,499.68,50.78,37.65,1,-1,-1,-1
60,4,299.52,232.46,24.65,26.03,1,-1,-1,-1
60,11,805.31,498.47,50.86,37.93,1,-1,-1,-1
61,4,299.58,232.41,24.79,26.04,1,-1,-1,-1
61,11,803.98,498.02,50.54,38.04,1,-1,-1,-1
62,4,299.29,232.36,25.44,26.70,1,-1,-1,-1
62,11,802.61,497.20,50.91,38.73,1,-1,-1,-1
63,4,298.80,232.33,25.80,26.94,1,-1,-1,-1
63,11,800.97,496.91,50.75,38.98,1,-1,-1,-1
64,4,298.32,232.29,26.53,27.69,1,-1,-1,-1
64,11,799.86,496.81,50.42,39.07,1,-1,-1,-1
65,4,298.01,232.91,25.75,26.66,1,-1,-1,-1
65,11,798.30,495.48,50.68,39.75,1,-1,-1,-1
66,4,298.12,233.79,25.63,26.25,1,-1,-1,-1
66,11,796.54,494.34,51.24,40.66,1,-1,-1,-1
67,4,298.48,233.44,25.63,26.10,1,-1,-1,-1
67,11,795.06,493.27,51.84,41.64,1,-1,-1,-1
68,4,298.57,233.95,25.71,26.04,1,-1,-1,-1
68,9,304.88,237.29,21.32,26.09,1,-1,-1,-1
68,11,794.37,492.23,52.39,42.66,1,-1,-1,-1
69,4,296.86,234.13,25.26,25.35,1,-1,-1,-1
69,9,304.04,237.23,22.22,26.75,1,-1,-1,-1
69,11,793.69,491.84,52.21,43.04,1,-1,-1,-1
69,19,396.53,424.21,34.95,48.77,1,-1,-1,-1
70,4,296.55,234.18,26.44,26.43,1,-1,-1,-1
70,9,303.98,237.71,22.28,26.81,1,-1,-1,-1
70,11,792.29,491.07,52.56,43.82,1,-1,-1,-1
70,19,396.00,423.21,36.80,51.26,1,-1,-1,-1
71,4,296.78,234.84,26.18,26.17,1,-1,-1,-1
71,9,305.89,238.82,22.16,26.97,1,-1,-1,-1
71,11,792.29,490.80,51.68,43.46,1,-1,-1,-1
71,19,394.60,422.90,38.42,53.50,1,-1,-1,-1
72,4,296.59,234.42,26.64,26.73,1,-1,-1,-1
72,9,306.04,239.38,22.22,27.05,1,-1,-1,-1
72,11,792.09,490.72,51.19,43.30,1,-1,-1,-1
72,19,394.12,422.41,39.36,54.81,1,-1,-1,-1
72,20,321.52,153.78,11.95,14.00,1,-1,-1,-1
72,21,315.57,193.98,12.83,15.02,1,-1,-1,-1
73,4,295.24,233.59,25.45,25.62,1,-1,-1,-1
73,11,789.01,489.40,55.12,47.16,1,-1,-1,-1
73,19,397.20,425.23,37.59,51.96,1,-1,-1,-1
73,20,321.83,154.02,11.30,13.24,1,-1,-1,-1
73,21,315.54,194.70,12.83,15.05,1,-1,-1,-1
74,4,294.75,232.59,24.94,25.19,1,-1,-1,-1
74,11,787.75,488.28,55.56,47.95,1,-1,-1,-1
74,19,397.36,425.32,38.01,52.54,1,-1,-1,-1
74,20,321.99,154.84,11.74,13.75,1,-1,-1,-1
74,21,315.90,194.95,12.84,15.05,1,-1,-1,-1
75,4,296.41,234.22,25.76,26.37,1,-1,-1,-1
75,9,308.84,241.00,21.82,27.03,1,-1,-1,-1
75,11,786.33,487.59,56.39,48.66,1,-1,-1,-1
75,20,322.32,155.79,11.32,13.21,1,-1,-1,-1
75,21,315.74,195.74,13.40,15.75,1,-1,-1,-1
76,4,296.31,234.45,25.82,26.43,1,-1,-1,-1
76,9,309.20,241.55,21.86,27.08,1,-1,-1,-1
76,11,787.91,489.26,50.42,43.76,1,-1,-1,-1
76,19,398.49,431.17,36.18,49.60,1,-1,-1,-1
76,20,322.46,156.36,11.19,13.05,1,-1,-1,-1
76,21,315.67,196.03,13.60,15.99,1,-1,-1,-1
77,11,788.01,491.02,48.74,42.60,1,-1,-1,-1
77,19,398.78,432.00,36.21,49.64,1,-1,-1,-1
78,11,787.75,492.27,48.09,42.22,1,-1,-1,-1
79,11,787.74,492.07,47.75,42.08,1,-1,-1,-1
79,19,397.72,438.30,38.69,52.58,1,-1,-1,-1
80,11,786.87,491.99,47.42,42.02,1,-1,-1,-1
80,19,397.95,439.90,38.97,52.31,1,-1,-1,-1
81,11,785.98,491.30,47.17,42.00,1,-1,-1,-1
81,19,398.11,441.29,39.20,52.61,1,-1,-1,-1
82,11,784.10,491.05,47.59,42.66,1,-1,-1,-1
82,20,322.04,168.72,11.95,13.94,1,-1,-1,-1
83,11,783.79,490.30,47.67,42.91,1,-1,-1,-1
83,20,322.05,170.20,11.98,13.97,1,-1,-1,-1
84,9,309.76,251.78,22.65,28.94,1,-1,-1,-1
84,11,782.32,489.36,50.49,45.63,1,-1,-1,-1
84,20,322.01,170.37,12.00,14.00,1,-1,-1,-1
85,9,309.92,252.76,22.77,29.10,1,-1,-1,-1
85,11,780.55,488.37,51.42,46.65,1,-1,-1,-1
85,20,322.02,171.71,12.03,14.03,1,-1,-1,-1
86,9,307.53,251.60,23.26,29.84,1,-1,-1,-1
86,11,779.00,487.35,52.28,47.68,1,-1,-1,-1
87,9,307.30,250.80,23.50,30.02,1,-1,-1,-1
87,11,777.59,486.97,52.35,48.07,1,-1,-1,-1
88,9,305.95,250.49,24.17,30.73,1,-1,-1,-1
88,11,777.23,486.83,50.77,46.89,1,-1,-1,-1
89,9,306.66,251.01,23.92,30.35,1,-1,-1,-1
89,11,776.56,486.14,49.98,46.42,1,-1,-1,-1
89,20,322.00,172.45,12.01,14.01,1,-1,-1,-1
90,9,307.93,251.84,23.16,29.53,1,-1,-1,-1
90,11,775.46,485.71,50.25,46.66,1,-1,-1,-1
90,20,322.00,172.43,12.01,14.01,1,-1,-1,-1
90,26,335.00,151.00,9.00,11.00,1,-1,-1,-1
91,9,307.96,252.41,23.24,29.62,1,-1,-1,-1
91,11,774.42,483.51,50.22,46.98,1,-1,-1,-1
91,20,322.01,173.27,12.02,14.03,1,-1,-1,-1
91,26,335.00,151.00,9.00,11.00,1,-1,-1,-1
92,11,773.30,482.89,50.49,47.23,1,-1,-1,-1
93,9,305.43,251.39,24.82,31.66,1,-1,-1,-1
94,9,306.37,251.91,25.06,31.98,1,-1,-1,-1
95,4,298.93,248.91,30.02,31.96,1,-1,-1,-1
95,9,306.46,252.75,25.02,32.09,1,-1,-1,-1
95,20,321.30,174.23,12.51,14.92,1,-1,-1,-1
96,4,299.03,249.64,30.28,32.24,1,-1,-1,-1
96,9,307.83,254.36,24.93,32.12,1,-1,-1,-1
96,20,320.92,174.28,12.50,15.00,1,-1,-1,-1
97,9,307.87,254.90,25.12,32.36,1,-1,-1,-1
97,20,320.81,174.85,12.57,15.09,1,-1,-1,-1
99,26,334.09,156.93,9.83,11.99,1,-1,-1,-1
100,21,319.46,185.11,15.03,18.02,1,-1,-1,-1
100,26,334.01,157.50,9.91,12.08,1,-1,-1,-1
101,21,319.62,184.65,15.10,18.11,1,-1,-1,-1
102,9,309.36,271.83,23.30,30.27,1,-1,-1,-1
102,19,404.57,474.96,36.86,48.09,1,-1,-1,-1
103,9,309.49,273.53,23.28,30.24,1,-1,-1,-1
103,19,402.85,474.66,39.69,51.69,1,-1,-1,-1
104,9,309.57,274.24,22.96,30.04,1,-1,-1,-1
104,19,402.96,476.05,39.85,51.89,1,-1,-1,-1
105,9,309.69,275.84,22.93,29.99,1,-1,-1,-1
106,19,404.55,478.12,39.53,50.34,1,-1,-1,-1
107,9,311.74,275.59,20.33,26.57,1,-1,-1,-1
107,19,405.88,479.13,38.72,47.99,1,-1,-1,-1
108,9,312.77,276.23,19.94,26.05,1,-1,-1,-1
108,19,405.90,480.13,39.28,47.90,1,-1,-1,-1
109,9,313.01,276.44,19.28,25.20,1,-1,-1,-1
109,19,405.32,480.44,40.63,49.22,1,-1,-1,-1
110,9,312.40,275.78,19.04,24.91,1,-1,-1,-1
110,19,405.92,481.19,40.82,49.05,1,-1,-1,-1
111,9,311.50,275.51,18.97,24.83,1,-1,-1,-1
111,19,406.45,481.42,40.91,48.99,1,-1,-1,-1
112,9,310.77,275.38,19.06,24.82,1,-1,-1,-1
112,19,407.03,481.46,41.48,49.63,1,-1,-1,-1
113,9,310.26,275.98,19.58,25.50,1,-1,-1,-1
113,19,406.72,481.45,42.06,50.54,1,-1,-1,-1
113,21,331.58,176.05,11.57,14.09,1,-1,-1,-1
114,9,310.88,275.52,18.83,24.43,1,-1,-1,-1
114,19,406.02,481.41,42.75,51.53,1,-1,-1,-1
114,21,332.38,175.39,11.37,13.85,1,-1,-1,-1
115,9,310.72,275.99,18.68,24.04,1,-1,-1,-1
115,19,405.78,482.03,42.94,51.91,1,-1,-1,-1
115,34,326.93,201.46,12.05,20.00,1,-1,-1,-1
116,9,310.62,276.14,18.72,23.91,1,-1,-1,-1
116,19,407.07,481.58,43.51,52.70,1,-1,-1,-1
116,20,323.57,201.83,13.76,16.01,1,-1,-1,-1
116,21,331.98,176.70,10.55,13.04,1,-1,-1,-1
116,34,327.42,201.76,11.65,19.24,1,-1,-1,-1
117,9,311.16,276.18,18.26,23.20,1,-1,-1,-1
117,19,406.96,480.73,44.23,53.65,1,-1,-1,-1
117,20,323.52,201.66,14.03,16.02,1,-1,-1,-1
117,21,332.73,176.82,10.36,12.93,1,-1,-1,-1
117,34,327.19,201.14,11.61,18.99,1,-1,-1,-1
118,9,310.88,276.85,17.70,22.27,1,-1,-1,-1
118,19,407.35,480.39,44.92,54.65,1,-1,-1,-1
118,20,323.67,202.29,13.79,15.36,1,-1,-1,-1
118,21,332.98,176.86,10.27,12.90,1,-1,-1,-1
118,34,327.29,201.68,11.29,18.20,1,-1,-1,-1
119,9,310.89,277.08,17.96,22.63,1,-1,-1,-1
119,19,407.21,480.25,44.46,54.37,1,-1,-1,-1
119,20,323.43,202.47,14.27,15.78,1,-1,-1,-1
119,21,333.06,176.89,10.22,12.90,1,-1,-1,-1
119,34,327.07,202.60,11.70,18.67,1,-1,-1,-1
120,9,310.23,277.15,18.05,22.77,1,-1,-1,-1
120,19,407.20,482.15,44.14,54.25,1,-1,-1,-1
120,20,323.06,202.51,14.34,15.93,1,-1,-1,-1
120,21,333.08,177.58,10.18,12.91,1,-1,-1,-1
120,26,331.76,179.89,10.51,13.01,1,-1,-1,-1
120,34,327.33,202.22,11.88,18.83,1,-1,-1,-1
121,9,310.11,279.83,19.17,24.17,1,-1,-1,-1
121,19,408.43,486.15,42.19,51.56,1,-1,-1,-1
121,20,321.84,203.80,13.87,15.33,1,-1,-1,-1
121,21,333.46,177.52,10.05,12.75,1,-1,-1,-1
121,26,331.64,180.99,10.55,13.06,1,-1,-1,-1
121,34,326.92,204.13,11.61,18.22,1,-1,-1,-1
122,9,310.05,280.45,19.12,24.10,1,-1,-1,-1
122,19,410.45,492.36,38.30,45.81,1,-1,-1,-1
122,20,321.76,206.94,13.58,15.09,1,-1,-1,-1
122,34,326.62,207.59,10.42,15.93,1,-1,-1,-1
123,4,307.89,287.89,24.23,28.07,1,-1,-1,-1
123,19,410.99,493.77,37.75,45.16,1,-1,-1,-1
123,20,322.17,210.74,13.95,15.68,1,-1,-1,-1
123,34,326.54,208.39,10.07,15.40,1,-1,-1,-1
124,4,308.71,290.64,21.90,26.41,1,-1,-1,-1
124,20,322.12,212.28,13.96,15.70,1,-1,-1,-1
124,40,325.97,216.61,15.00,18.79,1,-1,-1,-1
125,4,309.33,291.36,21.24,26.01,1,-1,-1,-1
125,20,323.05,217.07,14.27,15.94,1,-1,-1,-1
125,40,325.69,218.65,14.72,18.46,1,-1,-1,-1
126,4,309.79,291.54,20.49,25.19,1,-1,-1,-1
126,20,323.22,218.99,14.40,15.99,1,-1,-1,-1
126,40,325.65,219.30,14.55,18.26,1,-1,-1,-1
127,4,309.90,291.52,19.61,24.22,1,-1,-1,-1
127,20,323.30,220.89,14.44,16.04,1,-1,-1,-1
127,26,331.84,193.67,11.21,13.97,1,-1,-1,-1
127,40,326.25,220.16,13.99,17.47,1,-1,-1,-1
128,4,310.38,292.15,18.39,22.49,1,-1,-1,-1
128,20,322.80,219.84,13.90,15.24,1,-1,-1,-1
128,26,331.79,195.28,11.29,14.07,1,-1,-1,-1
128,40,326.72,219.68,13.32,16.46,1,-1,-1,-1
129,4,311.16,293.02,17.45,21.21,1,-1,-1,-1
129,20,322.35,220.45,13.78,15.06,1,-1,-1,-1
129,26,330.80,196.98,11.01,14.04,1,-1,-1,-1
129,40,325.25,220.16,13.55,16.81,1,-1,-1,-1
130,4,311.43,293.27,17.83,21.53,1,-1,-1,-1
130,20,321.91,220.64,13.64,15.00,1,-1,-1,-1
130,26,330.66,198.60,11.08,14.12,1,-1,-1,-1
130,40,326.13,220.30,13.60,16.93,1,-1,-1,-1
131,4,311.03,293.33,17.55,20.96,1,-1,-1,-1
131,20,321.76,220.66,13.55,14.98,1,-1,-1,-1
131,26,330.60,198.48,10.84,14.05,1,-1,-1,-1
131,40,325.50,220.99,13.51,16.97,1,-1,-1,-1
132,4,311.51,293.31,17.57,20.79,1,-1,-1,-1
132,20,322.01,221.28,13.59,14.98,1,-1,-1,-1
132,26,331.55,197.95,10.86,14.04,1,-1,-1,-1
132,40,324.94,221.22,13.49,16.99,1,-1,-1,-1
133,4,311.39,293.28,18.16,21.44,1,-1,-1,-1
133,20,321.43,221.47,13.63,14.98,1,-1,-1,-1
133,26,331.82,198.40,10.34,13.37,1,-1,-1,-1
133,40,324.37,221.28,13.53,17.00,1,-1,-1,-1
134,4,311.56,293.92,17.93,21.02,1,-1,-1,-1
134,20,321.59,221.50,13.57,14.98,1,-1,-1,-1
134,21,348.79,178.98,9.18,11.00,1,-1,-1,-1
134,26,331.93,199.18,10.13,13.12,1,-1,-1,-1
134,40,325.21,221.94,13.49,17.00,1,-1,-1,-1
135,4,311.33,294.82,18.42,21.56,1,-1,-1,-1
135,20,322.61,221.47,13.61,14.98,1,-1,-1,-1
135,21,349.72,179.02,9.48,10.96,1,-1,-1,-1
135,26,331.15,200.10,11.03,14.36,1,-1,-1,-1
135,40,324.73,222.17,13.08,16.33,1,-1,-1,-1
136,4,311.52,295.12,18.72,21.76,1,-1,-1,-1
136,20,322.71,222.09,13.55,14.98,1,-1,-1,-1
136,21,349.29,179.03,9.71,10.94,1,-1,-1,-1
136,26,331.09,200.42,10.91,14.17,1,-1,-1,-1
136,40,324.54,222.69,13.01,16.26,1,-1,-1,-1
137,4,311.27,295.22,18.80,21.85,1,-1,-1,-1
137,20,322.10,222.29,13.50,14.98,1,-1,-1,-1
137,21,349.48,179.70,10.36,11.61,1,-1,-1,-1
137,26,330.85,201.15,11.29,14.74,1,-1,-1,-1
138,4,311.02,295.90,18.46,21.22,1,-1,-1,-1
138,20,321.85,223.00,12.84,14.32,1,-1,-1,-1
138,21,349.10,179.95,10.16,11.21,1,-1,-1,-1
138,26,330.72,202.04,10.87,14.31,1,-1,-1,-1
139,4,310.88,296.13,18.43,21.00,1,-1,-1,-1
139,20,321.80,223.23,13.18,14.75,1,-1,-1,-1
139,21,349.29,180.70,10.64,11.72,1,-1,-1,-1
139,26,330.69,202.34,10.67,14.13,1,-1,-1,-1
139,40,325.16,224.03,13.35,16.90,1,-1,-1,-1
140,4,310.27,295.53,19.53,22.26,1,-1,-1,-1
140,20,321.52,223.96,13.18,14.90,1,-1,-1,-1
140,21,349.20,181.63,10.46,11.25,1,-1,-1,-1
140,26,331.30,202.42,10.02,13.40,1,-1,-1,-1
140,40,325.08,224.52,13.36,16.91,1,-1,-1,-1
140,48,325.48,203.00,11.27,11.22,1,-1,-1,-1
141,4,309.68,295.95,20.01,22.72,1,-1,-1,-1
141,20,321.45,224.21,13.11,14.96,1,-1,-1,-1
141,21,348.79,181.98,10.38,11.07,1,-1,-1,-1
141,26,331.63,202.40,10.27,13.79,1,-1,-1,-1
141,48,325.10,203.00,11.82,11.77,1,-1,-1,-1
142,4,309.43,296.11,20.24,22.90,1,-1,-1,-1
142,20,321.35,224.83,13.11,14.96,1,-1,-1,-1
142,21,348.86,183.43,9.88,10.33,1,-1,-1,-1
142,26,330.82,203.04,10.23,13.93,1,-1,-1,-1
142,48,324.99,203.73,11.98,11.94,1,-1,-1,-1
143,4,310.46,296.15,19.39,21.66,1,-1,-1,-1
143,21,348.82,183.96,9.78,10.06,1,-1,-1,-1
143,26,330.83,203.25,10.24,13.99,1,-1,-1,-1
143,48,324.96,203.98,12.04,11.99,1,-1,-1,-1
144,4,310.29,296.15,20.20,22.53,1,-1,-1,-1
144,21,349.15,184.13,10.38,10.65,1,-1,-1,-1
144,26,330.84,203.97,10.23,14.01,1,-1,-1,-1
144,48,324.95,204.06,12.75,12.71,1,-1,-1,-1
145,4,309.32,296.14,21.02,23.49,1,-1,-1,-1
145,21,349.52,184.55,10.32,10.59,1,-1,-1,-1
145,26,329.61,204.21,10.72,14.67,1,-1,-1,-1
145,48,324.28,204.08,13.00,12.96,1,-1,-1,-1
146,4,309.58,296.13,20.71,23.21,1,-1,-1,-1
146,26,329.36,204.94,10.51,14.27,1,-1,-1,-1
146,48,324.03,204.08,13.09,13.05,1,-1,-1,-1
147,4,309.70,296.12,20.55,23.09,1,-1,-1,-1
147,21,349.29,185.06,10.68,10.92,1,-1,-1,-1
147,26,329.70,205.19,10.87,14.77,1,-1,-1,-1
147,48,323.94,204.07,13.11,13.07,1,-1,-1,-1
148,4,309.47,296.10,20.37,23.05,1,-1,-1,-1
148,21,349.25,185.14,10.76,10.97,1,-1,-1,-1
148,26,329.76,205.27,10.49,14.30,1,-1,-1,-1
148,48,323.91,204.73,13.11,13.08,1,-1,-1,-1
149,4,309.43,296.09,20.23,23.03,1,-1,-1,-1
149,21,349.22,185.17,10.80,10.99,1,-1,-1,-1
149,26,329.80,205.27,10.33,14.11,1,-1,-1,-1
149,48,323.91,204.97,13.10,13.07,1,-1,-1,-1
150,4,309.45,296.08,20.10,23.02,1,-1,-1,-1
150,21,350.13,185.82,10.29,10.33,1,-1,-1,-1
150,26,329.16,205.91,10.25,14.04,1,-1,-1,-1
150,48,323.92,205.06,13.09,13.06,1,-1,-1,-1
151,4,309.49,296.07,20.00,23.01,1,-1,-1,-1
151,21,350.15,186.06,10.72,10.76,1,-1,-1,-1
151,26,329.60,206.14,10.21,14.01,1,-1,-1,-1
151,48,323.93,205.74,13.08,13.06,1,-1,-1,-1
152,4,309.53,296.72,19.90,23.01,1,-1,-1,-1
152,21,350.16,186.14,10.87,10.91,1,-1,-1,-1
152,26,329.11,206.86,10.19,14.00,1,-1,-1,-1
152,48,323.27,205.99,13.07,13.05,1,-1,-1,-1
152,49,708.32,409.98,55.54,50.69,1,-1,-1,-1
153,4,309.61,296.97,20.40,23.67,1,-1,-1,-1
153,21,350.15,186.15,10.93,10.97,1,-1,-1,-1
153,26,328.27,207.12,10.17,14.00,1,-1,-1,-1
153,48,323.69,206.74,13.07,13.04,1,-1,-1,-1
153,49,708.22,409.80,54.70,49.93,1,-1,-1,-1
154,4,309.58,297.15,20.47,23.76,1,-1,-1,-1
154,20,318.17,235.93,12.75,15.00,1,-1,-1,-1
154,21,350.13,188.12,10.96,10.99,1,-1,-1,-1
154,26,327.97,209.18,10.15,14.00,1,-1,-1,-1
154,40,329.80,214.27,10.26,13.06,1,-1,-1,-1
154,48,323.59,207.04,13.13,13.11,1,-1,-1,-1
155,20,319.82,237.62,12.01,14.31,1,-1,-1,-1
155,21,350.12,192.15,10.97,11.00,1,-1,-1,-1
155,26,327.95,211.93,10.64,14.66,1,-1,-1,-1
155,40,330.02,215.47,10.79,13.73,1,-1,-1,-1
155,49,701.13,412.78,69.56,63.96,1,-1,-1,-1
156,4,310.15,304.63,20.48,23.99,1,-1,-1,-1
156,20,318.19,239.53,12.75,15.43,1,-1,-1,-1
156,21,350.10,194.98,10.98,11.00,1,-1,-1,-1
156,26,327.94,213.58,10.83,14.91,1,-1,-1,-1
156,40,329.62,217.08,11.16,14.55,1,-1,-1,-1
156,49,700.62,413.76,69.24,64.27,1,-1,-1,-1
157,4,310.55,306.52,19.87,23.35,1,-1,-1,-1
157,20,317.66,240.85,12.91,15.82,1,-1,-1,-1
157,21,350.09,197.33,10.98,11.00,1,-1,-1,-1
157,26,328.52,215.49,10.41,14.35,1,-1,-1,-1
157,40,329.53,218.34,11.17,14.85,1,-1,-1,-1
157,49,699.73,412.81,69.85,65.52,1,-1,-1,-1
157,52,323.74,219.05,12.95,12.00,1,-1,-1,-1
158,4,311.61,307.83,19.14,22.45,1,-1,-1,-1
158,20,317.50,241.97,12.90,15.98,1,-1,-1,-1
158,21,350.08,198.18,10.98,11.00,1,-1,-1,-1
158,26,328.09,216.85,10.23,14.12,1,-1,-1,-1
158,40,329.53,218.83,11.09,14.97,1,-1,-1,-1
158,49,698.27,413.21,72.11,67.64,1,-1,-1,-1
158,52,323.10,219.14,13.70,12.76,1,-1,-1,-1
159,4,312.00,308.28,18.88,22.12,1,-1,-1,-1
159,20,317.48,242.36,12.83,16.03,1,-1,-1,-1
159,21,350.07,198.46,10.98,11.00,1,-1,-1,-1
159,26,328.61,217.98,10.16,14.04,1,-1,-1,-1
159,40,329.57,219.67,10.98,15.01,1,-1,-1,-1
159,52,323.30,219.87,13.16,12.29,1,-1,-1,-1
160,4,311.50,309.07,19.39,22.67,1,-1,-1,-1
160,20,317.73,243.13,12.32,15.39,1,-1,-1,-1
160,21,350.06,198.52,10.99,11.00,1,-1,-1,-1
160,26,327.94,218.36,10.53,14.67,1,-1,-1,-1
160,40,329.62,219.95,11.03,15.07,1,-1,-1,-1
160,52,323.41,220.10,13.67,12.82,1,-1,-1,-1
161,4,311.92,308.68,19.02,22.22,1,-1,-1,-1
161,20,317.17,244.04,12.12,15.14,1,-1,-1,-1
161,21,350.06,199.16,11.65,11.66,1,-1,-1,-1
161,26,328.56,219.13,10.23,14.26,1,-1,-1,-1
161,40,328.83,220.83,10.87,15.03,1,-1,-1,-1
161,52,323.81,220.16,13.14,12.31,1,-1,-1,-1
162,4,311.40,308.48,18.89,22.05,1,-1,-1,-1
162,20,316.92,245.01,12.11,15.14,1,-1,-1,-1
162,21,349.78,199.38,11.80,11.91,1,-1,-1,-1
162,26,327.95,219.38,10.51,14.75,1,-1,-1,-1
162,40,328.78,221.17,10.91,15.08,1,-1,-1,-1
162,52,323.63,220.16,13.61,12.80,1,-1,-1,-1
163,4,311.87,309.05,18.85,21.99,1,-1,-1,-1
163,21,350.34,200.08,11.80,12.00,1,-1,-1,-1
163,26,327.75,220.10,10.58,14.94,1,-1,-1,-1
163,52,323.59,220.82,13.74,12.98,1,-1,-1,-1
164,4,311.99,309.23,18.26,21.30,1,-1,-1,-1
164,21,350.58,200.32,11.76,12.03,1,-1,-1,-1
164,26,327.97,220.99,10.66,15.00,1,-1,-1,-1
164,52,323.60,221.06,13.75,13.03,1,-1,-1,-1
165,4,312.71,309.27,18.04,21.05,1,-1,-1,-1
165,21,350.68,200.38,11.70,12.04,1,-1,-1,-1
165,26,327.85,221.96,11.11,15.68,1,-1,-1,-1
165,52,322.64,221.80,14.33,13.72,1,-1,-1,-1
166,4,312.30,309.27,17.97,20.96,1,-1,-1,-1
166,21,350.74,200.37,11.63,12.04,1,-1,-1,-1
166,26,327.54,222.30,11.16,15.94,1,-1,-1,-1
166,52,323.28,222.06,13.87,13.32,1,-1,-1,-1
167,4,311.75,309.91,18.04,20.93,1,-1,-1,-1
167,21,350.77,201.00,11.57,12.04,1,-1,-1,-1
167,26,327.01,222.40,10.72,15.38,1,-1,-1,-1
167,52,322.59,222.15,14.25,13.81,1,-1,-1,-1
168,4,312.15,310.13,17.54,20.26,1,-1,-1,-1
168,21,350.52,201.22,11.42,12.04,1,-1,-1,-1
168,26,326.62,223.06,10.92,15.82,1,-1,-1,-1
168,52,322.38,222.82,14.32,13.99,1,-1,-1,-1
169,4,311.64,310.19,17.99,20.69,1,-1,-1,-1
169,21,351.40,201.93,11.38,12.03,1,-1,-1,-1
169,26,326.32,223.28,10.64,15.33,1,-1,-1,-1
169,52,322.06,223.07,14.18,14.06,1,-1,-1,-1
170,4,311.44,310.87,18.20,20.85,1,-1,-1,-1
170,21,351.46,202.18,11.25,12.03,1,-1,-1,-1
170,26,326.39,223.33,10.86,15.79,1,-1,-1,-1
170,52,321.99,223.15,14.67,14.73,1,-1,-1,-1
171,4,311.96,311.10,17.73,20.26,1,-1,-1,-1
171,21,351.77,202.25,10.60,11.37,1,-1,-1,-1
171,26,326.26,223.99,10.60,15.31,1,-1,-1,-1
171,52,321.38,223.82,14.75,14.98,1,-1,-1,-1
172,4,312.19,311.17,18.18,20.71,1,-1,-1,-1
172,21,352.18,202.92,10.43,11.11,1,-1,-1,-1
172,26,326.21,224.21,10.52,15.12,1,-1,-1,-1
172,52,321.84,224.06,14.03,14.42,1,-1,-1,-1
173,4,311.59,311.19,18.38,20.87,1,-1,-1,-1
173,21,351.64,203.15,10.41,11.02,1,-1,-1,-1
173,26,326.36,224.27,10.83,15.71,1,-1,-1,-1
173,52,321.80,224.14,14.22,14.85,1,-1,-1,-1
174,4,311.35,311.84,18.49,20.94,1,-1,-1,-1
174,21,352.08,203.21,10.44,10.99,1,-1,-1,-1
174,26,325.99,224.28,10.50,15.27,1,-1,-1,-1
174,52,321.85,224.16,14.15,15.01,1,-1,-1,-1
175,4,311.24,312.07,18.56,20.97,1,-1,-1,-1
175,21,352.23,203.88,10.48,10.98,1,-1,-1,-1
175,26,325.83,224.75,10.51,15.29,1,-1,-1,-1
175,52,322.20,224.81,13.47,14.41,1,-1,-1,-1
176,4,311.57,312.14,18.51,20.98,1,-1,-1,-1
176,21,352.26,204.12,10.53,10.97,1,-1,-1,-1
176,52,321.73,225.05,13.77,14.83,1,-1,-1,-1
177,4,311.71,312.16,18.46,20.98,1,-1,-1,-1
177,21,352.26,204.85,10.57,10.98,1,-1,-1,-1
177,52,321.59,225.13,13.83,14.98,1,-1,-1,-1
178,4,311.77,312.15,18.42,20.99,1,-1,-1,-1
178,21,352.24,205.77,10.61,10.98,1,-1,-1,-1
178,52,321.41,225.42,13.95,15.11,1,-1,-1,-1
179,4,312.06,312.80,17.89,20.33,1,-1,-1,-1
179,21,352.22,206.76,10.65,10.98,1,-1,-1,-1
180,4,312.57,312.36,18.21,20.75,1,-1,-1,-1
180,21,352.31,207.34,10.62,10.95,1,-1,-1,-1
181,4,311.89,312.86,19.39,22.22,1,-1,-1,-1
181,21,352.20,207.98,10.69,10.98,1,-1,-1,-1
181,61,454.60,283.00,30.03,33.00,1,-1,-1,-1
182,4,312.15,313.04,18.82,21.48,1,-1,-1,-1
182,21,352.85,208.18,10.72,10.99,1,-1,-1,-1
182,61,454.79,283.00,29.40,32.24,1,-1,-1,-1
183,4,312.62,313.76,18.51,21.18,1,-1,-1,-1
183,21,352.99,208.73,10.70,10.97,1,-1,-1,-1
183,61,454.83,282.25,29.26,31.99,1,-1,-1,-1
183,62,318.62,290.00,15.97,18.00,1,-1,-1,-1
184,4,312.42,314.02,18.47,21.06,1,-1,-1,-1
184,61,453.78,282.01,29.91,32.65,1,-1,-1,-1
184,62,319.28,290.76,15.94,18.00,1,-1,-1,-1
185,4,313.02,314.10,19.08,21.68,1,-1,-1,-1
185,61,453.41,282.63,30.16,32.88,1,-1,-1,-1
185,62,319.43,291.01,15.33,17.26,1,-1,-1,-1
186,4,312.58,314.78,19.34,21.91,1,-1,-1,-1
186,61,453.27,282.18,30.29,32.97,1,-1,-1,-1
186,62,319.89,291.07,15.76,17.75,1,-1,-1,-1
187,4,312.91,315.03,19.08,21.34,1,-1,-1,-1
187,61,452.57,281.34,30.99,33.68,1,-1,-1,-1
187,62,320.04,291.09,15.90,17.91,1,-1,-1,-1
188,4,312.97,315.11,19.09,21.12,1,-1,-1,-1
188,61,451.63,281.04,31.28,33.94,1,-1,-1,-1
188,62,320.08,291.77,15.96,17.97,1,-1,-1,-1
189,4,312.30,315.13,19.82,21.70,1,-1,-1,-1
189,61,450.88,280.93,30.88,33.36,1,-1,-1,-1
189,62,318.45,292.01,16.52,18.67,1,-1,-1,-1
190,4,312.37,315.79,20.10,21.91,1,-1,-1,-1
190,20,324.09,291.93,13.71,16.99,1,-1,-1,-1
190,61,450.58,280.90,30.79,33.14,1,-1,-1,-1
190,62,319.20,292.09,16.69,18.93,1,-1,-1,-1
190,63,710.70,466.23,33.03,32.98,1,-1,-1,-1
191,4,312.91,316.03,19.84,21.34,1,-1,-1,-1
191,20,324.19,293.22,13.80,17.02,1,-1,-1,-1
191,61,450.81,280.90,30.11,32.38,1,-1,-1,-1
191,62,319.77,292.77,16.20,18.36,1,-1,-1,-1
191,63,710.09,466.02,33.00,32.95,1,-1,-1,-1
192,4,312.78,316.77,20.39,21.78,1,-1,-1,-1
192,20,324.40,294.31,13.48,16.37,1,-1,-1,-1
192,61,449.18,280.24,29.95,32.10,1,-1,-1,-1
192,62,319.99,293.02,16.01,18.13,1,-1,-1,-1
192,63,709.72,465.85,32.87,32.83,1,-1,-1,-1
193,4,312.98,317.69,20.77,21.94,1,-1,-1,-1
193,20,324.43,295.31,13.41,16.12,1,-1,-1,-1
193,21,353.15,211.08,11.73,11.97,1,-1,-1,-1
193,61,448.56,280.00,29.96,32.00,1,-1,-1,-1
193,62,320.06,293.77,15.94,18.05,1,-1,-1,-1
194,4,313.62,318.03,20.41,21.34,1,-1,-1,-1
194,20,324.41,295.61,13.44,16.03,1,-1,-1,-1
194,21,353.38,211.14,11.31,11.34,1,-1,-1,-1
194,61,447.68,279.25,30.65,32.63,1,-1,-1,-1
194,62,320.34,294.71,15.41,17.35,1,-1,-1,-1
195,4,313.18,318.14,21.65,22.44,1,-1,-1,-1
195,20,325.04,295.66,13.49,15.99,1,-1,-1,-1
195,21,353.46,211.45,11.32,11.35,1,-1,-1,-1
195,26,327.61,238.96,10.71,15.01,1,-1,-1,-1
195,52,323.36,237.90,13.19,14.04,1,-1,-1,-1
195,61,447.98,278.99,30.33,32.21,1,-1,-1,-1
195,62,319.86,294.36,15.69,17.76,1,-1,-1,-1
196,4,311.77,318.18,22.65,23.49,1,-1,-1,-1
196,20,325.24,295.63,13.55,15.98,1,-1,-1,-1
196,26,326.83,239.90,10.96,15.00,1,-1,-1,-1
196,52,322.59,238.89,12.60,13.26,1,-1,-1,-1
196,61,447.81,279.56,30.17,32.05,1,-1,-1,-1
196,62,320.62,294.89,15.24,17.25,1,-1,-1,-1
197,4,311.87,318.18,23.02,23.90,1,-1,-1,-1
197,20,325.29,296.23,13.60,15.98,1,-1,-1,-1
197,26,326.54,240.21,11.13,15.00,1,-1,-1,-1
197,52,322.10,239.19,13.01,13.74,1,-1,-1,-1
197,61,447.77,279.79,30.11,31.99,1,-1,-1,-1
197,62,320.91,295.08,15.06,17.05,1,-1,-1,-1
198,4,311.91,318.17,23.15,24.04,1,-1,-1,-1
198,20,324.19,296.42,13.18,15.32,1,-1,-1,-1
198,26,326.21,240.29,11.65,15.66,1,-1,-1,-1
198,52,321.94,239.28,13.13,13.90,1,-1,-1,-1
198,61,448.68,280.54,28.91,30.65,1,-1,-1,-1
198,62,319.16,295.13,16.03,18.33,1,-1,-1,-1
199,4,311.76,318.15,24.17,25.40,1,-1,-1,-1
199,20,324.16,296.43,13.57,15.74,1,-1,-1,-1
199,26,326.08,240.31,11.84,15.91,1,-1,-1,-1
199,52,322.57,239.28,13.16,13.97,1,-1,-1,-1
199,61,448.07,280.84,28.40,30.14,1,-1,-1,-1
199,62,319.07,295.43,16.09,18.40,1,-1,-1,-1
200,4,312.32,318.78,23.97,25.26,1,-1,-1,-1
200,20,323.48,296.42,13.73,15.90,1,-1,-1,-1
200,26,326.29,240.28,12.06,16.00,1,-1,-1,-1
200,52,322.81,239.93,13.16,13.99,1,-1,-1,-1
200,61,446.93,280.27,29.40,31.31,1,-1,-1,-1
201,4,312.30,319.02,24.36,25.84,1,-1,-1,-1
201,20,322.97,296.38,14.28,16.62,1,-1,-1,-1
201,26,326.15,240.25,12.60,16.69,1,-1,-1,-1
201,52,322.25,240.15,13.78,14.67,1,-1,-1,-1
201,61,447.19,280.73,29.08,31.08,1,-1,-1,-1
201,68,329.73,243.98,11.79,15.02,1,-1,-1,-1
201,69,318.32,267.78,11.58,15.78,1,-1,-1,-1
202,4,312.32,319.10,23.80,25.41,1,-1,-1,-1
202,20,322.91,297.01,14.33,16.68,1,-1,-1,-1
202,26,325.90,240.88,12.53,16.30,1,-1,-1,-1
202,52,322.30,240.22,13.50,14.26,1,-1,-1,-1
202,61,447.34,280.24,28.91,30.99,1,-1,-1,-1
202,68,329.31,243.95,11.82,15.05,1,-1,-1,-1
202,69,318.10,268.03,11.77,16.03,1,-1,-1,-1
203,4,313.40,319.78,23.40,25.23,1,-1,-1,-1
203,20,323.82,296.37,13.92,16.17,1,-1,-1,-1
203,26,327.19,241.77,12.37,16.14,1,-1,-1,-1
203,52,322.28,240.64,13.53,14.30,1,-1,-1,-1
203,61,448.11,280.06,29.42,31.63,1,-1,-1,-1
203,68,329.81,246.87,11.25,14.32,1,-1,-1,-1
203,69,319.99,268.81,10.83,14.64,1,-1,-1,-1
204,4,316.54,320.03,22.37,23.83,1,-1,-1,-1
204,20,323.86,296.87,13.93,16.17,1,-1,-1,-1
204,26,327.29,242.25,12.43,16.21,1,-1,-1,-1
204,61,449.67,279.34,30.38,32.53,1,-1,-1,-1
204,68,332.19,244.96,11.73,14.79,1,-1,-1,-1
204,69,320.31,269.24,10.72,14.49,1,-1,-1,-1
205,4,316.96,320.32,22.41,23.87,1,-1,-1,-1
205,61,454.08,277.76,30.96,33.52,1,-1,-1,-1
205,68,335.45,241.55,12.48,15.64,1,-1,-1,-1
206,61,460.03,277.81,31.08,33.90,1,-1,-1,-1
206,68,336.62,240.96,12.64,15.83,1,-1,-1,-1
207,61,463.94,277.19,30.49,33.38,1,-1,-1,-1
208,61,465.15,276.96,30.09,33.17,1,-1,-1,-1
208,75,346.54,240.91,17.04,17.09,1,-1,-1,-1
208,80,336.41,320.01,20.67,21.60,1,-1,-1,-1
209,61,466.27,276.89,29.83,33.09,1,-1,-1,-1
209,75,346.57,240.76,17.15,17.24,1,-1,-1,-1
209,80,336.22,319.29,21.07,21.94,1,-1,-1,-1
209,82,378.61,216.56,10.25,10.22,1,-1,-1,-1
210,61,466.00,275.55,29.03,32.40,1,-1,-1,-1
210,75,345.89,240.76,17.11,17.24,1,-1,-1,-1
210,80,336.62,319.14,21.30,22.19,1,-1,-1,-1
210,82,378.91,217.04,10.80,10.77,1,-1,-1,-1
211,61,465.92,275.06,29.24,32.80,1,-1,-1,-1
211,75,347.42,242.88,16.29,16.51,1,-1,-1,-1
211,80,335.65,319.85,21.23,22.06,1,-1,-1,-1
211,82,379.00,217.17,10.97,10.94,1,-1,-1,-1
212,61,465.24,274.88,29.24,32.94,1,-1,-1,-1
212,75,348.01,243.68,15.89,16.22,1,-1,-1,-1
212,80,335.48,319.97,21.28,22.06,1,-1,-1,-1
212,82,379.02,217.89,11.02,10.99,1,-1,-1,-1
213,61,464.32,274.17,29.16,33.00,1,-1,-1,-1
213,75,348.28,243.87,16.02,16.34,1,-1,-1,-1
213,80,334.73,320.01,22.00,22.75,1,-1,-1,-1
213,82,379.03,218.12,11.04,11.01,1,-1,-1,-1
214,61,463.48,273.26,30.07,34.34,1,-1,-1,-1
214,80,334.44,319.35,22.29,22.99,1,-1,-1,-1
214,82,379.71,218.18,11.04,11.02,1,-1,-1,-1
215,61,464.09,272.93,29.19,33.54,1,-1,-1,-1
215,80,334.32,319.77,22.42,23.07,1,-1,-1,-1
215,82,379.96,218.86,11.04,11.02,1,-1,-1,-1
216,61,463.09,272.16,29.92,34.54,1,-1,-1,-1
216,80,334.21,319.78,22.62,23.28,1,-1,-1,-1
216,82,379.37,219.10,11.04,11.01,1,-1,-1,-1
217,61,463.13,271.89,30.02,34.90,1,-1,-1,-1
217,75,348.23,244.97,15.77,16.06,1,-1,-1,-1
217,82,379.14,219.84,11.03,11.01,1,-1,-1,-1
218,61,463.26,271.80,28.49,33.08,1,-1,-1,-1
218,69,343.07,272.02,12.63,16.97,1,-1,-1,-1
218,75,348.38,245.20,15.81,16.10,1,-1,-1,-1
218,82,378.38,219.43,11.03,11.01,1,-1,-1,-1
219,61,463.67,271.80,27.82,32.35,1,-1,-1,-1
219,69,343.89,272.09,12.88,17.04,1,-1,-1,-1
219,75,347.75,245.08,15.87,16.03,1,-1,-1,-1
219,82,378.10,219.26,11.69,11.68,1,-1,-1,-1
220,61,463.36,271.81,26.46,30.75,1,-1,-1,-1
220,69,344.50,272.11,12.91,17.06,1,-1,-1,-1
220,75,348.27,245.77,15.31,15.33,1,-1,-1,-1
220,82,378.00,219.19,11.94,11.92,1,-1,-1,-1
221,26,338.35,271.74,14.07,17.99,1,-1,-1,-1
221,61,461.95,271.83,27.16,31.51,1,-1,-1,-1
221,69,344.29,272.76,13.06,17.06,1,-1,-1,-1
221,75,348.71,246.01,15.27,15.09,1,-1,-1,-1
221,82,378.61,219.15,12.03,12.01,1,-1,-1,-1
222,26,338.96,273.11,14.08,18.03,1,-1,-1,-1
222,61,461.02,271.18,26.95,31.13,1,-1,-1,-1
222,69,343.87,273.00,13.06,17.06,1,-1,-1,-1
222,75,348.14,246.76,15.37,15.00,1,-1,-1,-1
222,82,378.57,219.78,11.97,12.04,1,-1,-1,-1
223,26,338.27,272.92,13.92,18.04,1,-1,-1,-1
223,61,460.88,270.95,26.44,30.32,1,-1,-1,-1
223,69,343.66,273.08,13.05,17.05,1,-1,-1,-1
223,75,348.93,247.69,15.40,14.97,1,-1,-1,-1
223,82,378.58,220.67,11.89,12.05,1,-1,-1,-1
224,26,338.02,273.45,13.78,18.04,1,-1,-1,-1
224,61,460.11,270.88,26.36,30.03,1,-1,-1,-1
224,69,343.55,273.11,13.05,17.05,1,-1,-1,-1
224,75,348.82,248.69,14.87,14.30,1,-1,-1,-1
224,80,335.73,320.96,20.49,21.15,1,-1,-1,-1
224,82,378.61,220.34,11.82,12.05,1,-1,-1,-1
225,26,338.86,274.25,13.82,18.04,1,-1,-1,-1
225,61,459.79,270.86,26.43,29.93,1,-1,-1,-1
225,69,343.47,273.76,13.04,17.04,1,-1,-1,-1
225,75,348.74,249.05,14.75,14.05,1,-1,-1,-1
225,80,337.32,321.01,21.03,21.75,1,-1,-1,-1
225,82,378.64,220.86,11.74,12.05,1,-1,-1,-1
226,26,339.28,275.49,13.87,18.11,1,-1,-1,-1
226,61,460.43,270.87,26.96,30.57,1,-1,-1,-1
226,69,344.21,274.02,13.10,17.11,1,-1,-1,-1
226,75,348.88,249.50,14.58,13.89,1,-1,-1,-1
226,80,337.55,321.10,21.03,21.74,1,-1,-1,-1
226,82,379.99,221.05,11.67,12.04,1,-1,-1,-1
227,4,345.99,321.04,24.75,26.99,1,-1,-1,-1
227,52,332.79,259.95,14.30,16.00,1,-1,-1,-1
227,61,464.96,269.56,27.83,31.47,1,-1,-1,-1
227,68,361.71,249.83,11.61,14.05,1,-1,-1,-1
227,82,380.11,221.32,11.74,12.11,1,-1,-1,-1
228,4,347.29,321.07,24.88,27.13,1,-1,-1,-1
228,52,333.22,260.76,14.36,16.07,1,-1,-1,-1
228,61,473.51,269.73,26.93,30.51,1,-1,-1,-1
228,68,362.91,250.22,11.55,13.97,1,-1,-1,-1
229,61,482.93,267.81,28.35,32.13,1,-1,-1,-1
230,61,487.97,267.77,28.18,32.08,1,-1,-1,-1
231,61,488.89,267.77,29.33,33.36,1,-1,-1,-1
231,92,416.27,220.00,10.18,11.99,1,-1,-1,-1
232,61,489.27,267.14,29.57,33.85,1,-1,-1,-1
232,92,415.84,220.00,10.19,11.96,1,-1,-1,-1
233,61,489.62,266.90,29.08,33.37,1,-1,-1,-1
233,92,415.63,220.00,10.22,11.96,1,-1,-1,-1
234,61,489.29,266.83,28.93,33.18,1,-1,-1,-1
234,92,416.24,220.00,10.27,11.96,1,-1,-1,-1
235,61,489.10,266.16,28.89,33.10,1,-1,-1,-1
235,92,416.42,220.70,10.31,11.97,1,-1,-1,-1
236,61,488.30,265.92,28.88,33.07,1,-1,-1,-1
236,92,416.14,220.95,10.30,11.97,1,-1,-1,-1
237,61,486.85,265.19,31.05,35.69,1,-1,-1,-1
237,68,386.98,250.07,12.52,14.97,1,-1,-1,-1
237,92,416.29,221.72,9.75,11.30,1,-1,-1,-1
237,99,373.61,275.00,13.79,17.02,1,-1,-1,-1
238,61,486.23,264.92,32.64,37.94,1,-1,-1,-1
238,68,387.81,250.73,12.05,14.34,1,-1,-1,-1
238,92,416.32,222.69,9.57,11.05,1,-1,-1,-1
238,99,374.29,275.75,13.17,16.30,1,-1,-1,-1
239,61,488.18,265.46,30.07,34.99,1,-1,-1,-1
239,68,387.38,252.30,11.85,13.44,1,-1,-1,-1
239,92,416.53,223.06,9.43,10.89,1,-1,-1,-1
239,99,374.25,275.25,13.49,16.79,1,-1,-1,-1
240,61,488.69,265.05,29.44,34.40,1,-1,-1,-1
240,68,389.25,252.61,11.75,13.33,1,-1,-1,-1
240,99,374.27,275.79,13.53,16.95,1,-1,-1,-1
241,61,488.83,264.91,28.57,33.52,1,-1,-1,-1
241,68,387.73,252.98,12.15,13.84,1,-1,-1,-1
241,99,375.25,276.68,12.98,16.32,1,-1,-1,-1
242,61,489.55,264.87,28.17,33.18,1,-1,-1,-1
242,68,387.64,253.10,12.19,13.94,1,-1,-1,-1
242,99,376.31,276.99,12.74,16.08,1,-1,-1,-1
243,61,490.44,264.20,27.39,32.39,1,-1,-1,-1
243,68,388.51,253.80,12.32,13.97,1,-1,-1,-1
243,99,376.69,277.09,12.63,16.00,1,-1,-1,-1
244,61,493.12,263.96,26.36,31.43,1,-1,-1,-1
244,68,390.36,254.05,12.55,13.99,1,-1,-1,-1
244,69,381.64,278.01,12.21,16.03,1,-1,-1,-1
244,75,368.65,254.02,13.49,12.99,1,-1,-1,-1
244,99,377.07,277.36,12.56,15.91,1,-1,-1,-1
244,101,393.72,253.01,12.18,12.99,1,-1,-1,-1
245,61,497.68,265.23,26.85,32.42,1,-1,-1,-1
245,68,391.68,254.38,12.54,13.97,1,-1,-1,-1
245,69,386.02,277.34,12.15,15.99,1,-1,-1,-1
245,75,369.67,254.29,13.43,12.93,1,-1,-1,-1
245,101,398.42,253.04,12.18,12.96,1,-1,-1,-1
246,61,506.32,263.72,25.53,30.81,1,-1,-1,-1
246,69,388.24,277.47,12.11,15.95,1,-1,-1,-1
246,101,405.42,253.04,12.88,13.70,1,-1,-1,-1
247,61,515.96,263.82,25.12,30.18,1,-1,-1,-1
247,101,409.30,253.13,13.00,13.83,1,-1,-1,-1
248,61,521.55,263.19,26.00,31.31,1,-1,-1,-1
249,61,523.75,262.97,25.82,31.07,1,-1,-1,-1
249,108,427.11,251.00,11.39,12.97,1,-1,-1,-1
250,61,524.33,262.23,26.63,32.31,1,-1,-1,-1
250,108,426.80,251.79,11.44,12.92,1,-1,-1,-1
251,61,524.01,261.97,26.53,32.12,1,-1,-1,-1
251,101,421.59,253.03,13.25,14.02,1,-1,-1,-1
251,108,426.17,252.02,11.60,12.92,1,-1,-1,-1
252,61,523.45,261.22,26.43,32.04,1,-1,-1,-1
252,101,422.14,253.72,13.24,14.03,1,-1,-1,-1
252,108,425.52,252.08,11.73,12.93,1,-1,-1,-1
252,113,456.13,225.02,10.02,11.00,1,-1,-1,-1
253,61,523.43,260.95,26.46,32.01,1,-1,-1,-1
253,69,410.67,278.01,12.11,15.99,1,-1,-1,-1
253,101,423.30,253.95,13.31,14.04,1,-1,-1,-1
253,108,425.56,252.80,11.93,12.94,1,-1,-1,-1
253,113,456.51,225.81,11.38,12.53,1,-1,-1,-1
254,61,523.28,260.20,25.94,31.34,1,-1,-1,-1
254,69,411.05,278.73,12.09,15.99,1,-1,-1,-1
254,101,422.94,254.02,13.38,14.04,1,-1,-1,-1
254,108,425.18,253.04,12.07,12.95,1,-1,-1,-1
254,113,456.29,226.06,11.83,13.02,1,-1,-1,-1
255,61,523.12,259.93,25.76,31.09,1,-1,-1,-1
255,69,411.18,279.63,12.08,15.99,1,-1,-1,-1
255,101,425.60,253.39,12.89,13.37,1,-1,-1,-1
255,108,423.32,254.48,12.14,12.96,1,-1,-1,-1
255,113,456.43,226.13,10.79,11.81,1,-1,-1,-1
256,61,522.94,259.85,25.15,30.33,1,-1,-1,-1
256,69,413.47,279.87,12.07,15.98,1,-1,-1,-1
256,101,428.11,253.42,12.87,13.34,1,-1,-1,-1
256,108,424.27,253.63,12.27,12.97,1,-1,-1,-1
256,113,456.14,226.13,10.31,11.28,1,-1,-1,-1
257,61,521.89,259.83,25.41,30.72,1,-1,-1,-1
257,108,424.59,253.30,12.41,12.97,1,-1,-1,-1
257,113,456.36,226.11,10.20,11.10,1,-1,-1,-1
258,61,521.72,259.84,25.00,30.21,1,-1,-1,-1
258,68,421.70,255.06,12.17,13.01,1,-1,-1,-1
258,108,424.97,253.84,12.62,12.98,1,-1,-1,-1
258,113,456.41,226.10,10.20,11.03,1,-1,-1,-1
258,118,401.97,244.22,12.11,13.99,1,-1,-1,-1
259,61,521.32,259.19,24.76,30.02,1,-1,-1,-1
259,68,422.06,257.89,12.97,13.70,1,-1,-1,-1
259,108,423.42,255.37,12.73,12.98,1,-1,-1,-1
259,113,456.81,226.76,10.80,11.69,1,-1,-1,-1
259,118,402.80,244.01,12.08,13.96,1,-1,-1,-1
260,61,522.10,258.96,24.73,29.95,1,-1,-1,-1
260,68,424.01,258.27,12.98,13.71,1,-1,-1,-1
260,108,423.93,255.93,12.59,12.98,1,-1,-1,-1
260,113,456.93,227.01,10.89,11.79,1,-1,-1,-1
260,118,402.74,243.96,12.69,14.70,1,-1,-1,-1
261,61,527.35,258.88,24.08,29.27,1,-1,-1,-1
261,69,425.25,280.07,11.50,15.06,1,-1,-1,-1
261,101,435.69,255.85,13.26,13.95,1,-1,-1,-1
261,108,423.90,256.36,12.56,12.95,1,-1,-1,-1
261,118,403.09,243.82,12.80,14.83,1,-1,-1,-1
262,61,528.64,258.60,23.91,29.06,1,-1,-1,-1
262,69,427.57,280.23,11.43,14.97,1,-1,-1,-1
262,101,437.73,256.09,13.30,13.99,1,-1,-1,-1
265,128,576.94,259.78,22.42,31.22,1,-1,-1,-1
266,128,580.15,260.10,22.19,30.90,1,-1,-1,-1
266,133,512.52,228.24,10.05,11.00,1,-1,-1,-1
267,128,578.07,259.16,22.17,30.95,1,-1,-1,-1
267,133,512.97,228.10,10.05,11.00,1,-1,-1,-1
267,135,470.00,279.78,13.00,16.00,1,-1,-1,-1
268,128,579.84,259.14,22.01,30.73,1,-1,-1,-1
268,133,512.57,228.87,10.09,11.00,1,-1,-1,-1
268,135,470.00,280.02,13.00,16.00,1,-1,-1,-1
268,137,485.80,257.76,11.94,13.02,1,-1,-1,-1
269,133,512.21,228.99,10.76,11.73,1,-1,-1,-1
269,135,470.00,280.08,13.00,16.00,1,-1,-1,-1
269,137,485.73,258.01,12.62,13.80,1,-1,-1,-1
269,138,482.38,259.22,13.70,13.78,1,-1,-1,-1
270,128,576.46,257.21,23.40,32.73,1,-1,-1,-1
270,133,511.42,229.71,10.98,11.97,1,-1,-1,-1
270,135,469.28,280.80,13.00,16.00,1,-1,-1,-1
270,137,483.91,258.80,12.86,14.05,1,-1,-1,-1
270,138,480.89,261.19,13.25,13.29,1,-1,-1,-1
271,128,575.47,256.96,23.53,32.97,1,-1,-1,-1
271,133,510.44,229.98,11.05,12.05,1,-1,-1,-1
271,135,469.80,281.04,13.58,16.70,1,-1,-1,-1
271,137,483.24,259.06,12.94,14.12,1,-1,-1,-1
271,138,480.40,261.91,13.10,13.09,1,-1,-1,-1
271,140,513.00,233.00,11.00,11.00,1,-1,-1,-1
272,128,575.12,256.88,23.54,33.05,1,-1,-1,-1
272,133,510.74,230.07,11.07,12.07,1,-1,-1,-1
272,135,468.07,281.12,14.23,17.62,1,-1,-1,-1
272,137,483.69,259.14,12.95,14.13,1,-1,-1,-1
272,138,479.72,262.43,13.08,13.07,1,-1,-1,-1
272,140,513.00,233.00,11.00,11.00,1,-1,-1,-1
273,128,574.69,256.20,23.44,33.08,1,-1,-1,-1
273,133,511.14,231.43,10.53,11.40,1,-1,-1,-1
273,135,468.00,281.80,13.99,17.30,1,-1,-1,-1
273,137,483.87,259.15,12.95,14.12,1,-1,-1,-1
273,140,513.00,233.00,11.00,11.00,1,-1,-1,-1
274,128,573.89,255.95,23.32,33.08,1,-1,-1,-1
274,133,511.08,231.79,10.56,11.44,1,-1,-1,-1
274,135,468.22,282.04,13.41,16.49,1,-1,-1,-1
274,137,483.95,259.81,12.95,14.10,1,-1,-1,-1
274,140,513.72,233.00,11.00,11.00,1,-1,-1,-1
275,101,478.01,260.97,13.46,14.01,1,-1,-1,-1
275,128,575.67,257.20,21.09,29.75,1,-1,-1,-1
275,133,511.30,232.83,10.32,11.10,1,-1,-1,-1
275,135,468.68,282.80,13.15,16.17,1,-1,-1,-1
275,137,483.68,260.72,12.88,14.09,1,-1,-1,-1
275,138,481.61,263.07,12.24,12.07,1,-1,-1,-1
275,140,515.04,233.00,10.94,11.00,1,-1,-1,-1
276,101,483.21,260.39,13.56,14.01,1,-1,-1,-1
276,128,577.72,257.71,20.27,28.45,1,-1,-1,-1
276,133,511.28,233.27,10.31,11.08,1,-1,-1,-1
276,135,468.91,282.38,13.62,16.73,1,-1,-1,-1
276,137,483.52,261.13,13.01,14.23,1,-1,-1,-1
276,138,481.50,263.46,12.09,11.92,1,-1,-1,-1
276,140,515.53,233.00,10.88,11.00,1,-1,-1,-1
277,69,480.02,283.99,11.58,14.99,1,-1,-1,-1
277,101,489.05,260.22,13.96,14.67,1,-1,-1,-1
277,128,581.27,257.21,21.85,30.76,1,-1,-1,-1
277,135,468.83,282.66,13.68,16.81,1,-1,-1,-1
277,140,515.93,233.00,10.88,11.00,1,-1,-1,-1
278,69,483.35,284.22,11.57,14.97,1,-1,-1,-1
278,101,492.44,260.43,14.04,14.75,1,-1,-1,-1
278,128,582.19,257.09,21.82,30.72,1,-1,-1,-1
281,160,531.63,265.37,9.93,11.44,1,-1,-1,-1
282,160,533.74,266.13,9.72,10.96,1,-1,-1,-1
282,164,621.26,257.24,24.82,36.36,1,-1,-1,-1
282,165,535.06,264.04,12.99,12.99,1,-1,-1,-1
282,167,518.25,284.00,13.15,14.98,1,-1,-1,-1
282,168,519.50,286.02,14.95,15.00,1,-1,-1,-1
282,171,565.20,235.78,10.67,12.78,1,-1,-1,-1
282,172,562.28,236.02,11.05,11.00,1,-1,-1,-1
283,160,533.34,266.28,9.86,10.86,1,-1,-1,-1
283,164,621.27,256.78,25.27,37.01,1,-1,-1,-1
283,165,535.18,264.13,12.96,12.96,1,-1,-1,-1
283,167,517.77,284.00,13.16,14.96,1,-1,-1,-1
283,168,519.47,286.05,14.92,15.00,1,-1,-1,-1
283,171,565.19,236.03,10.89,13.03,1,-1,-1,-1
283,172,562.55,236.05,11.08,11.00,1,-1,-1,-1
283,173,525.35,285.00,13.08,13.99,1,-1,-1,-1
284,160,532.72,267.03,10.73,11.59,1,-1,-1,-1
284,164,622.42,256.90,22.34,32.78,1,-1,-1,-1
284,165,534.43,264.87,12.96,12.96,1,-1,-1,-1
284,167,517.25,284.74,13.81,15.70,1,-1,-1,-1
284,168,519.84,286.05,14.92,15.00,1,-1,-1,-1
284,171,565.16,236.09,10.95,13.09,1,-1,-1,-1
284,172,562.59,236.05,11.12,11.00,1,-1,-1,-1
284,173,525.52,285.00,12.91,13.80,1,-1,-1,-1
285,160,533.10,267.25,11.19,11.83,1,-1,-1,-1
285,164,622.40,256.90,22.29,32.82,1,-1,-1,-1
285,165,534.54,265.10,13.63,13.68,1,-1,-1,-1
285,167,517.33,284.96,13.92,15.83,1,-1,-1,-1
285,168,519.25,286.04,14.92,15.00,1,-1,-1,-1
285,171,565.13,236.10,10.96,13.10,1,-1,-1,-1
285,172,562.96,236.14,11.12,11.00,1,-1,-1,-1
286,160,533.10,267.29,11.51,11.93,1,-1,-1,-1
286,164,622.61,256.65,22.00,32.40,1,-1,-1,-1
286,165,534.91,265.16,13.89,13.93,1,-1,-1,-1
286,168,518.73,286.03,15.57,15.70,1,-1,-1,-1
286,171,565.11,236.09,10.96,13.09,1,-1,-1,-1
286,173,523.17,285.00,13.93,14.90,1,-1,-1,-1
287,160,533.93,267.86,11.48,11.90,1,-1,-1,-1
287,165,534.36,265.17,13.98,14.02,1,-1,-1,-1
287,168,517.90,286.03,15.76,15.95,1,-1,-1,-1
287,171,565.10,236.76,10.95,13.08,1,-1,-1,-1
287,173,522.53,285.00,14.10,15.01,1,-1,-1,-1
288,165,533.85,265.82,13.94,14.05,1,-1,-1,-1
288,168,517.56,286.07,15.91,16.10,1,-1,-1,-1
288,171,565.17,236.99,11.06,13.20,1,-1,-1,-1
288,173,522.07,285.00,14.23,15.15,1,-1,-1,-1
289,165,534.64,266.06,13.28,13.38,1,-1,-1,-1
290,165,534.26,266.12,13.71,13.80,1,-1,-1,-1
290,168,519.23,286.88,15.80,16.06,1,-1,-1,-1
291,165,533.75,266.14,13.29,13.29,1,-1,-1,-1
291,168,519.17,287.01,15.91,16.17,1,-1,-1,-1
292,165,533.90,266.13,13.76,13.77,1,-1,-1,-1
293,164,618.55,253.05,21.14,30.96,1,-1,-1,-1
293,165,533.96,266.78,13.94,13.94,1,-1,-1,-1
294,164,617.62,252.88,21.19,30.90,1,-1,-1,-1
294,165,532.95,267.68,13.43,13.34,1,-1,-1,-1
295,164,618.34,253.50,20.50,29.54,1,-1,-1,-1
295,165,532.24,268.01,13.86,13.78,1,-1,-1,-1
296,164,618.49,253.75,19.85,28.37,1,-1,-1,-1
296,165,532.65,268.12,13.35,13.28,1,-1,-1,-1
297,164,618.32,253.54,19.52,27.89,1,-1,-1,-1
297,165,532.83,268.82,13.15,13.09,1,-1,-1,-1
298,160,536.71,269.09,11.79,11.99,1,-1,-1,-1
298,164,617.47,252.26,20.15,28.68,1,-1,-1,-1
298,165,533.27,269.73,12.98,13.02,1,-1,-1,-1
299,160,536.95,269.10,12.11,12.00,1,-1,-1,-1
299,164,617.05,251.98,20.70,29.47,1,-1,-1,-1
299,165,533.76,270.05,12.96,12.99,1,-1,-1,-1
300,160,537.35,269.10,12.23,12.00,1,-1,-1,-1
300,164,616.63,251.22,20.78,29.76,1,-1,-1,-1
300,165,533.65,270.82,12.86,12.98,1,-1,-1,-1
301,160,537.76,269.28,12.23,12.00,1,-1,-1,-1
301,164,616.51,250.94,20.76,29.87,1,-1,-1,-1
301,165,534.58,271.09,12.87,12.98,1,-1,-1,-1
302,164,615.92,250.19,21.20,30.58,1,-1,-1,-1
302,165,534.27,271.84,12.88,12.98,1,-1,-1,-1
303,164,615.44,248.61,21.92,31.51,1,-1,-1,-1
303,165,534.52,272.11,12.80,12.98,1,-1,-1,-1
304,164,615.15,248.68,21.76,31.21,1,-1,-1,-1
304,165,533.97,272.85,12.73,12.99,1,-1,-1,-1
305,164,614.20,248.07,22.10,31.74,1,-1,-1,-1
305,165,533.78,273.11,12.66,12.99,1,-1,-1,-1
305,168,531.08,274.24,14.46,15.04,1,-1,-1,-1
306,164,613.66,247.85,22.60,32.60,1,-1,-1,-1
306,165,533.76,273.57,12.64,12.97,1,-1,-1,-1
306,168,532.27,273.87,14.18,15.00,1,-1,-1,-1
307,164,614.07,248.44,21.60,30.97,1,-1,-1,-1
307,168,532.00,273.74,13.99,14.99,1,-1,-1,-1
308,164,613.56,248.03,21.25,30.32,1,-1,-1,-1
308,168,532.84,274.39,13.35,14.31,1,-1,-1,-1
309,164,613.22,247.67,21.19,30.24,1,-1,-1,-1
309,165,535.48,274.99,12.58,12.99,1,-1,-1,-1
309,167,517.64,293.98,14.74,17.01,1,-1,-1,-1
309,168,532.44,274.67,13.11,14.06,1,-1,-1,-1
310,164,613.41,247.85,21.73,30.82,1,-1,-1,-1
310,165,535.63,275.46,12.57,12.98,1,-1,-1,-1
310,167,517.65,294.36,14.79,17.06,1,-1,-1,-1
310,168,533.25,274.78,13.78,14.65,1,-1,-1,-1
310,171,567.04,242.99,10.93,13.02,1,-1,-1,-1
311,164,613.14,247.55,21.73,30.81,1,-1,-1,-1
311,167,520.17,294.14,15.34,17.83,1,-1,-1,-1
311,168,534.56,275.50,13.97,14.87,1,-1,-1,-1
311,171,567.13,243.27,10.93,13.01,1,-1,-1,-1
311,172,565.97,206.08,10.09,10.00,1,-1,-1,-1
312,160,546.39,275.89,14.96,14.93,1,-1,-1,-1
312,167,520.45,294.45,15.45,17.96,1,-1,-1,-1
312,168,535.18,275.34,13.96,14.86,1,-1,-1,-1
312,172,566.09,204.92,10.05,9.96,1,-1,-1,-1
312,173,534.50,295.94,15.74,17.01,1,-1,-1,-1
313,160,547.07,276.38,15.15,15.13,1,-1,-1,-1
313,173,535.03,296.40,15.81,17.08,1,-1,-1,-1
316,188,587.16,281.57,12.96,14.02,1,-1,-1,-1
316,190,615.07,220.76,9.80,10.79,1,-1,-1,-1
316,193,577.11,298.02,12.55,15.19,1,-1,-1,-1
317,188,587.38,282.93,12.34,13.30,1,-1,-1,-1
317,190,615.48,221.64,9.94,10.99,1,-1,-1,-1
317,193,578.16,298.04,12.40,14.93,1,-1,-1,-1
317,197,612.65,221.73,10.25,10.27,1,-1,-1,-1
318,188,588.19,283.29,12.14,13.05,1,-1,-1,-1
318,190,615.78,221.82,10.11,11.17,1,-1,-1,-1
318,193,578.03,298.04,13.02,15.64,1,-1,-1,-1
318,197,612.68,221.96,9.98,10.04,1,-1,-1,-1
318,201,592.02,282.00,13.00,12.00,1,-1,-1,-1
318,202,588.22,300.24,13.00,15.00,1,-1,-1,-1
318,203,595.08,279.00,11.84,14.78,1,-1,-1,-1
319,188,588.43,283.35,12.12,12.97,1,-1,-1,-1
319,193,577.92,297.33,13.25,15.87,1,-1,-1,-1
319,197,613.03,222.03,9.92,9.97,1,-1,-1,-1
319,201,592.05,282.00,13.00,12.00,1,-1,-1,-1
319,202,588.42,300.02,13.63,15.76,1,-1,-1,-1
319,203,595.00,279.00,12.00,14.99,1,-1,-1,-1
320,188,587.77,284.03,12.15,12.95,1,-1,-1,-1
320,193,576.40,298.46,13.36,15.96,1,-1,-1,-1
320,197,612.79,222.04,10.58,10.68,1,-1,-1,-1
320,201,592.39,282.74,13.05,12.00,1,-1,-1,-1
320,202,588.09,299.96,13.22,15.29,1,-1,-1,-1
320,203,595.25,279.73,11.50,14.31,1,-1,-1,-1
321,188,587.91,284.24,12.79,13.65,1,-1,-1,-1
321,190,612.85,222.03,9.93,11.05,1,-1,-1,-1
321,193,578.54,298.19,13.42,15.99,1,-1,-1,-1
321,197,613.77,222.05,10.70,10.92,1,-1,-1,-1
321,201,591.77,283.70,13.10,12.00,1,-1,-1,-1
321,202,587.98,299.95,13.06,15.10,1,-1,-1,-1
321,203,595.33,279.98,11.34,14.07,1,-1,-1,-1
322,188,587.29,284.30,13.02,13.89,1,-1,-1,-1
322,190,612.55,222.16,10.00,11.13,1,-1,-1,-1
322,193,578.60,297.40,13.47,16.00,1,-1,-1,-1
322,197,612.75,222.72,10.14,10.33,1,-1,-1,-1
322,201,591.52,284.02,13.15,12.00,1,-1,-1,-1
322,202,587.95,299.95,13.00,15.03,1,-1,-1,-1
322,203,596.05,280.77,11.32,13.99,1,-1,-1,-1
323,188,587.72,284.29,13.10,13.99,1,-1,-1,-1
323,190,612.09,222.87,9.93,11.04,1,-1,-1,-1
323,193,578.58,297.79,13.52,16.01,1,-1,-1,-1
323,197,613.78,222.28,10.47,10.79,1,-1,-1,-1
323,201,592.11,284.12,13.20,12.00,1,-1,-1,-1
323,202,587.95,300.65,12.98,15.01,1,-1,-1,-1
323,203,596.28,281.03,11.35,13.97,1,-1,-1,-1
324,188,587.89,284.92,13.12,14.02,1,-1,-1,-1
324,190,611.77,223.08,9.98,11.09,1,-1,-1,-1
324,193,578.53,297.93,13.55,16.01,1,-1,-1,-1
324,197,614.04,222.36,10.53,10.85,1,-1,-1,-1
324,201,592.30,284.14,13.26,12.00,1,-1,-1,-1
324,202,587.95,300.90,12.98,15.00,1,-1,-1,-1
324,203,596.09,281.11,11.89,14.65,1,-1,-1,-1
325,188,587.95,285.14,13.12,14.03,1,-1,-1,-1
325,193,579.15,297.31,13.59,16.01,1,-1,-1,-1
325,201,592.36,284.13,13.31,12.00,1,-1,-1,-1
325,202,587.85,300.99,12.97,14.99,1,-1,-1,-1
325,203,596.26,281.13,11.60,14.23,1,-1,-1,-1
326,188,587.98,285.21,13.11,14.03,1,-1,-1,-1
326,193,579.59,297.75,13.13,15.34,1,-1,-1,-1
326,197,612.12,223.78,10.61,11.00,1,-1,-1,-1
326,201,592.73,284.12,13.29,12.00,1,-1,-1,-1
326,203,596.31,281.12,11.51,14.07,1,-1,-1,-1
327,188,588.03,285.63,13.16,14.08,1,-1,-1,-1
327,193,580.12,297.75,13.07,15.26,1,-1,-1,-1
327,197,612.09,224.01,10.67,11.06,1,-1,-1,-1
327,201,592.86,284.32,13.29,12.00,1,-1,-1,-1
327,203,596.44,281.33,11.47,14.02,1,-1,-1,-1
329,197,611.78,224.92,10.57,11.03,1,-1,-1,-1
330,197,611.36,225.06,10.62,11.02,1,-1,-1,-1
330,208,675.86,249.00,18.50,29.22,1,-1,-1,-1
331,190,613.45,228.82,9.79,11.02,1,-1,-1,-1
331,197,611.87,225.11,10.66,11.02,1,-1,-1,-1
331,208,675.82,248.23,18.33,28.98,1,-1,-1,-1
331,209,618.00,257.80,11.00,14.00,1,-1,-1,-1
331,210,632.00,225.00,10.00,11.00,1,-1,-1,-1
332,190,611.83,228.41,10.45,11.71,1,-1,-1,-1
332,197,611.84,225.34,10.69,11.06,1,-1,-1,-1
332,208,676.04,247.99,17.83,28.17,1,-1,-1,-1
332,209,618.00,258.07,11.00,14.00,1,-1,-1,-1
332,210,632.00,225.76,10.00,11.00,1,-1,-1,-1
333,190,611.28,228.95,10.08,11.28,1,-1,-1,-1
333,208,676.33,248.66,17.26,27.20,1,-1,-1,-1
333,209,619.01,258.13,10.46,13.26,1,-1,-1,-1
333,210,632.03,226.01,10.67,11.74,1,-1,-1,-1
334,190,611.74,229.81,9.95,11.10,1,-1,-1,-1
334,208,676.61,248.89,16.70,26.18,1,-1,-1,-1
334,209,619.33,258.86,10.30,13.02,1,-1,-1,-1
334,210,632.01,226.08,10.27,11.29,1,-1,-1,-1
335,190,611.61,230.32,9.95,11.11,1,-1,-1,-1
335,208,676.14,248.26,16.94,26.57,1,-1,-1,-1
335,209,619.64,259.27,10.13,12.80,1,-1,-1,-1
335,210,631.30,226.09,10.10,11.10,1,-1,-1,-1
336,208,675.49,247.36,16.63,26.03,1,-1,-1,-1
336,210,631.17,226.27,10.11,11.12,1,-1,-1,-1
337,208,675.25,247.73,16.55,25.86,1,-1,-1,-1
338,208,675.14,247.58,16.28,25.44,1,-1,-1,-1
339,190,611.41,233.86,9.20,10.10,1,-1,-1,-1
340,190,610.63,234.86,9.23,10.00,1,-1,-1,-1
341,190,610.11,235.18,9.81,10.65,1,-1,-1,-1
342,190,611.24,235.29,10.00,10.88,1,-1,-1,-1
342,197,609.79,235.77,10.54,11.01,1,-1,-1,-1
343,190,611.03,235.95,10.07,10.97,1,-1,-1,-1
343,197,611.15,235.47,10.45,11.01,1,-1,-1,-1
344,190,612.27,235.53,10.09,11.00,1,-1,-1,-1
344,197,610.93,236.71,10.38,11.00,1,-1,-1,-1
345,190,612.75,235.34,10.09,11.01,1,-1,-1,-1
345,197,610.86,237.15,10.33,11.00,1,-1,-1,-1
346,190,612.93,235.26,10.09,11.02,1,-1,-1,-1
346,197,611.10,237.95,9.79,10.34,1,-1,-1,-1
346,212,618.87,225.00,9.02,11.00,1,-1,-1,-1
347,190,613.00,235.21,10.08,11.02,1,-1,-1,-1
347,197,611.18,238.22,9.61,10.09,1,-1,-1,-1
347,212,618.58,225.76,9.06,11.00,1,-1,-1,-1
347,213,617.00,223.00,9.00,10.00,1,-1,-1,-1
348,190,613.02,235.18,10.07,11.01,1,-1,-1,-1
348,197,611.19,238.28,9.58,10.00,1,-1,-1,-1
348,212,618.47,226.01,9.10,11.00,1,-1,-1,-1
348,213,617.00,223.00,9.00,10.00,1,-1,-1,-1
349,190,613.03,235.15,10.06,11.01,1,-1,-1,-1
349,197,611.18,238.29,9.60,9.97,1,-1,-1,-1
349,212,618.80,225.36,9.09,11.00,1,-1,-1,-1
349,213,617.00,223.00,9.00,10.00,1,-1,-1,-1
350,190,613.03,235.79,10.06,11.01,1,-1,-1,-1
350,197,611.17,238.26,9.63,9.96,1,-1,-1,-1
350,208,671.44,244.02,16.13,24.95,1,-1,-1,-1
350,212,619.24,225.82,9.15,11.00,1,-1,-1,-1
350,213,617.00,223.72,9.00,10.00,1,-1,-1,-1
351,190,613.02,235.37,10.05,11.01,1,-1,-1,-1
351,197,611.15,238.90,9.67,9.96,1,-1,-1,-1
351,208,671.27,243.91,16.25,24.94,1,-1,-1,-1
351,212,618.69,225.30,9.20,11.00,1,-1,-1,-1
351,213,617.00,223.26,9.00,10.00,1,-1,-1,-1
352,190,613.10,235.57,10.07,11.03,1,-1,-1,-1
352,197,611.16,239.38,9.60,9.90,1,-1,-1,-1
352,208,671.03,243.66,16.18,24.83,1,-1,-1,-1
352,212,618.84,225.78,9.19,11.00,1,-1,-1,-1
352,213,617.69,223.78,9.00,10.00,1,-1,-1,-1
353,212,618.90,225.96,9.17,11.00,1,-1,-1,-1
353,213,617.94,224.65,9.00,10.00,1,-1,-1,-1
354,203,593.35,291.98,13.32,15.99,1,-1,-1,-1
354,208,670.45,242.18,16.96,25.78,1,-1,-1,-1
354,212,618.93,226.69,9.16,11.00,1,-1,-1,-1
354,213,618.03,225.64,9.00,10.00,1,-1,-1,-1
355,203,593.23,292.78,13.49,16.02,1,-1,-1,-1
355,208,670.32,242.62,15.82,23.24,1,-1,-1,-1
355,212,619.48,226.96,8.74,10.33,1,-1,-1,-1
355,213,617.38,226.00,9.00,10.00,1,-1,-1,-1
356,203,593.81,292.42,13.60,16.03,1,-1,-1,-1
356,208,670.11,242.35,15.65,22.99,1,-1,-1,-1
356,212,619.35,227.05,8.57,10.08,1,-1,-1,-1
356,213,618.07,226.12,8.47,9.33,1,-1,-1,-1
357,203,594.03,292.27,13.67,16.04,1,-1,-1,-1
357,212,619.42,227.24,8.48,9.97,1,-1,-1,-1
357,213,618.18,226.44,8.39,9.24,1,-1,-1,-1
358,203,594.02,292.57,13.72,16.10,1,-1,-1,-1
358,213,618.35,226.15,8.28,9.03,1,-1,-1,-1
359,203,594.11,292.97,13.73,16.04,1,-1,-1,-1
359,213,618.48,226.39,8.18,8.93,1,-1,-1,-1
360,203,593.22,293.77,12.86,14.68,1,-1,-1,-1
360,210,631.02,240.96,10.93,12.00,1,-1,-1,-1
361,190,608.57,242.82,10.21,11.01,1,-1,-1,-1
361,197,610.15,241.07,9.74,9.98,1,-1,-1,-1
361,203,592.84,294.73,12.66,14.18,1,-1,-1,-1
361,209,617.98,269.00,11.06,13.99,1,-1,-1,-1
361,210,631.02,241.18,10.96,12.01,1,-1,-1,-1
362,190,608.28,243.41,10.21,11.01,1,-1,-1,-1
362,197,610.08,241.36,9.72,9.96,1,-1,-1,-1
362,203,593.77,294.37,13.18,14.69,1,-1,-1,-1
362,208,669.36,240.03,14.25,20.07,1,-1,-1,-1
362,209,618.53,268.58,11.06,14.02,1,-1,-1,-1
362,210,631.02,241.92,10.97,12.02,1,-1,-1,-1
363,190,608.25,244.00,10.33,11.00,1,-1,-1,-1
363,203,593.80,294.71,13.12,14.62,1,-1,-1,-1
363,208,669.23,239.71,13.98,19.70,1,-1,-1,-1
363,209,618.51,268.91,11.09,14.06,1,-1,-1,-1
363,210,631.25,242.17,10.52,11.35,1,-1,-1,-1
364,190,607.91,244.19,10.28,11.00,1,-1,-1,-1
364,209,618.86,269.06,11.06,14.02,1,-1,-1,-1
364,210,631.31,242.91,10.39,11.10,1,-1,-1,-1
365,190,607.81,244.25,10.24,11.00,1,-1,-1,-1
365,208,669.46,239.01,14.75,19.87,1,-1,-1,-1
365,209,618.95,269.79,11.05,14.02,1,-1,-1,-1
365,210,631.05,243.16,10.91,11.68,1,-1,-1,-1
366,190,607.55,244.74,10.25,11.00,1,-1,-1,-1
366,203,594.37,294.19,14.02,15.83,1,-1,-1,-1
366,208,669.02,238.21,15.08,19.88,1,-1,-1,-1
366,209,618.96,270.13,11.08,14.05,1,-1,-1,-1
366,210,631.21,243.24,10.59,11.24,1,-1,-1,-1
367,190,607.77,244.27,10.21,11.00,1,-1,-1,-1
367,197,610.07,239.26,9.79,9.99,1,-1,-1,-1
367,203,594.44,294.37,14.09,15.90,1,-1,-1,-1
367,208,667.93,237.94,15.74,20.55,1,-1,-1,-1
367,210,630.99,243.91,11.02,11.74,1,-1,-1,-1
368,190,607.56,244.66,10.21,11.00,1,-1,-1,-1
368,197,611.00,238.39,9.32,9.31,1,-1,-1,-1
368,208,668.10,237.85,15.52,20.14,1,-1,-1,-1
368,210,630.92,243.49,11.16,11.92,1,-1,-1,-1
369,190,608.58,243.43,10.18,11.00,1,-1,-1,-1
369,197,611.29,238.78,9.24,9.07,1,-1,-1,-1
369,203,594.53,295.80,14.01,16.01,1,-1,-1,-1
369,208,668.42,237.84,15.60,20.00,1,-1,-1,-1
369,210,630.90,243.96,11.20,11.98,1,-1,-1,-1
370,190,608.51,243.65,10.19,11.00,1,-1,-1,-1
370,197,611.08,238.24,9.82,9.67,1,-1,-1,-1
370,203,594.60,296.02,13.89,16.03,1,-1,-1,-1
370,208,668.29,237.18,16.15,20.61,1,-1,-1,-1
370,210,630.90,244.12,11.20,12.01,1,-1,-1,-1
370,219,613.10,236.00,10.80,9.79,1,-1,-1,-1
371,197,611.92,238.05,9.49,9.23,1,-1,-1,-1
371,203,594.65,296.30,13.94,16.09,1,-1,-1,-1
371,208,668.22,236.83,16.10,20.55,1,-1,-1,-1
371,210,630.25,244.17,11.19,12.02,1,-1,-1,-1
371,219,612.64,236.75,10.98,9.99,1,-1,-1,-1
371,220,629.00,246.76,11.00,11.00,1,-1,-1,-1
372,197,612.23,237.98,9.40,9.06,1,-1,-1,-1
372,208,666.65,235.33,16.43,20.88,1,-1,-1,-1
372,210,630.01,244.18,11.17,12.02,1,-1,-1,-1
372,219,612.50,237.00,10.99,10.05,1,-1,-1,-1
372,220,629.00,246.90,11.00,11.00,1,-1,-1,-1
372,223,631.00,249.00,11.00,12.00,1,-1,-1,-1
