1,-1,718.0,381.0,33.0,29.0,0.98850006,1,-1
1,-1,387.0,368.0,28.0,44.0,0.66542083,1,-1
2,-1,718.0,381.0,33.0,29.0,0.986188,1,-1
2,-1,387.0,368.0,28.0,43.0,0.64643544,1,-1
2,-1,341.0,382.0,24.0,34.0,0.5005648,1,-1
3,-1,717.0,380.0,33.0,29.0,0.98871803,1,-1
3,-1,386.0,368.0,29.0,44.0,0.8803067,1,-1
4,-1,717.0,380.0,33.0,29.0,0.99401075,1,-1
4,-1,386.0,369.0,28.0,43.0,0.8815043,1,-1
4,-1,299.0,201.0,23.0,22.0,0.60622144,1,-1
5,-1,386.0,369.0,30.0,45.0,0.96608144,1,-1
5,-1,717.0,380.0,32.0,28.0,0.95816237,1,-1
5,-1,981.0,509.0,43.0,28.0,0.607922,1,-1
5,-1,299.0,201.0,23.0,22.0,0.5920133,1,-1
6,-1,717.0,379.0,32.0,29.0,0.97531974,1,-1
6,-1,385.0,370.0,31.0,44.0,0.95472664,1,-1
6,-1,299.0,201.0,23.0,23.0,0.7693068,1,-1
6,-1,981.0,509.0,43.0,27.0,0.53772086,1,-1
7,-1,386.0,370.0,31.0,46.0,0.97046196,1,-1
7,-1,716.0,379.0,32.0,28.0,0.91363186,1,-1
7,-1,980.0,509.0,44.0,27.0,0.8560275,1,-1
7,-1,300.0,200.0,23.0,23.0,0.8252726,1,-1
8,-1,386.0,371.0,31.0,46.0,0.9305355,1,-1
8,-1,300.0,200.0,22.0,23.0,0.90500194,1,-1
8,-1,977.0,509.0,47.0,27.0,0.87112075,1,-1
8,-1,716.0,379.0,32.0,28.0,0.7723432,1,-1
9,-1,386.0,371.0,31.0,45.0,0.9809425,1,-1
9,-1,975.0,508.0,48.0,28.0,0.95797735,1,-1
9,-1,300.0,200.0,23.0,22.0,0.9496886,1,-1
9,-1,715.0,379.0,32.0,28.0,0.8283499,1,-1
10,-1,974.0,508.0,46.0,27.0,0.9904079,1,-1
10,-1,300.0,200.0,24.0,22.0,0.94691145,1,-1
10,-1,386.0,371.0,31.0,45.0,0.9462996,1,-1
10,-1,342.0,383.0,23.0,35.0,0.8380927,1,-1
10,-1,714.0,378.0,32.0,28.0,0.6356883,1,-1
11,-1,973.0,508.0,47.0,27.0,0.99607927,1,-1
11,-1,300.0,200.0,26.0,23.0,0.9336769,1,-1
11,-1,386.0,371.0,30.0,46.0,0.91281575,1,-1
11,-1,343.0,384.0,23.0,34.0,0.61811763,1,-1
12,-1,971.0,507.0,47.0,28.0,0.99728096,1,-1
12,-1,300.0,200.0,26.0,23.0,0.9396338,1,-1
12,-1,387.0,371.0,30.0,46.0,0.77722156,1,-1
12,-1,342.0,384.0,23.0,34.0,0.67070097,1,-1
13,-1,969.0,506.0,47.0,28.0,0.9984829,1,-1
13,-1,300.0,200.0,26.0,23.0,0.9533508,1,-1
13,-1,387.0,372.0,30.0,47.0,0.5026457,1,-1
14,-1,967.0,506.0,48.0,29.0,0.99891376,1,-1
14,-1,301.0,200.0,24.0,22.0,0.8464198,1,-1
15,-1,964.0,505.0,49.0,29.0,0.9981616,1,-1
15,-1,387.0,372.0,31.0,47.0,0.9196908,1,-1
15,-1,301.0,200.0,26.0,22.0,0.8485178,1,-1
16,-1,962.0,504.0,49.0,30.0,0.99627185,1,-1
16,-1,299.0,199.0,29.0,24.0,0.9426686,1,-1
16,-1,343.0,385.0,22.0,34.0,0.5813111,1,-1
16,-1,388.0,373.0,30.0,46.0,0.5232897,1,-1
17,-1,960.0,503.0,50.0,30.0,0.9954814,1,-1
17,-1,299.0,199.0,30.0,24.0,0.93007296,1,-1
17,-1,387.0,373.0,32.0,48.0,0.882167,1,-1
18,-1,957.0,503.0,51.0,30.0,0.9975573,1,-1
18,-1,299.0,199.0,29.0,24.0,0.9776372,1,-1
18,-1,387.0,373.0,31.0,49.0,0.89522696,1,-1
19,-1,955.0,503.0,52.0,29.0,0.9973768,1,-1
19,-1,299.0,198.0,29.0,25.0,0.9862504,1,-1
19,-1,387.0,374.0,33.0,48.0,0.87634224,1,-1
19,-1,343.0,384.0,23.0,36.0,0.55459607,1,-1
20,-1,952.0,503.0,52.0,29.0,0.9962037,1,-1
20,-1,299.0,199.0,27.0,25.0,0.9851445,1,-1
20,-1,387.0,374.0,34.0,49.0,0.92817646,1,-1
20,-1,343.0,384.0,23.0,36.0,0.64542526,1,-1
21,-1,951.0,502.0,51.0,29.0,0.99578094,1,-1
21,-1,298.0,199.0,30.0,26.0,0.98398846,1,-1
21,-1,386.0,373.0,35.0,50.0,0.947178,1,-1
21,-1,343.0,386.0,23.0,34.0,0.7513003,1,-1
22,-1,950.0,502.0,49.0,29.0,0.99485683,1,-1
22,-1,299.0,200.0,31.0,26.0,0.9701765,1,-1
22,-1,386.0,373.0,35.0,50.0,0.95885336,1,-1
22,-1,342.0,386.0,23.0,35.0,0.89044964,1,-1
23,-1,949.0,502.0,47.0,29.0,0.9967083,1,-1
23,-1,298.0,201.0,30.0,26.0,0.9548848,1,-1
24,-1,948.0,502.0,47.0,28.0,0.9952341,1,-1
24,-1,298.0,201.0,29.0,28.0,0.96365666,1,-1
24,-1,387.0,374.0,34.0,50.0,0.79285574,1,-1
24,-1,343.0,386.0,23.0,35.0,0.6228749,1,-1
25,-1,947.0,502.0,47.0,27.0,0.992898,1,-1
25,-1,298.0,201.0,29.0,28.0,0.97914493,1,-1
25,-1,387.0,374.0,34.0,50.0,0.94775075,1,-1
25,-1,343.0,387.0,23.0,34.0,0.88999456,1,-1
26,-1,946.0,503.0,47.0,28.0,0.9915665,1,-1
26,-1,298.0,201.0,28.0,28.0,0.97305995,1,-1
26,-1,344.0,389.0,23.0,33.0,0.74185574,1,-1
26,-1,387.0,376.0,35.0,52.0,0.56640154,1,-1
27,-1,948.0,506.0,41.0,27.0,0.99229276,1,-1
27,-1,386.0,379.0,37.0,50.0,0.88175476,1,-1
27,-1,343.0,391.0,24.0,33.0,0.8150973,1,-1
27,-1,300.0,206.0,24.0,28.0,0.63913625,1,-1
27,-1,708.0,378.0,29.0,28.0,0.59090716,1,-1
28,-1,298.0,211.0,27.0,28.0,0.9512245,1,-1
28,-1,772.0,383.0,79.0,61.0,0.8003481,1,-1
28,-1,948.0,511.0,45.0,26.0,0.71030074,1,-1
29,-1,772.0,387.0,75.0,59.0,0.9508724,1,-1
29,-1,299.0,215.0,24.0,24.0,0.69647163,1,-1
29,-1,343.0,399.0,25.0,34.0,0.58140105,1,-1
30,-1,299.0,215.0,25.0,25.0,0.923125,1,-1
30,-1,771.0,387.0,73.0,57.0,0.8973206,1,-1
30,-1,944.0,514.0,50.0,24.0,0.67695135,1,-1
31,-1,771.0,387.0,71.0,59.0,0.9797148,1,-1
31,-1,298.0,215.0,26.0,26.0,0.9580587,1,-1
31,-1,942.0,514.0,50.0,24.0,0.73900795,1,-1
32,-1,299.0,215.0,25.0,26.0,0.98662704,1,-1
32,-1,770.0,387.0,72.0,58.0,0.9739077,1,-1
32,-1,942.0,513.0,50.0,25.0,0.7093449,1,-1
32,-1,307.0,217.0,21.0,26.0,0.6281054,1,-1
33,-1,299.0,215.0,26.0,26.0,0.9883359,1,-1
33,-1,768.0,386.0,73.0,59.0,0.95360863,1,-1
33,-1,942.0,512.0,45.0,25.0,0.88796586,1,-1
33,-1,305.0,217.0,22.0,26.0,0.7286421,1,-1
34,-1,299.0,215.0,26.0,26.0,0.98178804,1,-1
34,-1,768.0,387.0,71.0,58.0,0.94996953,1,-1
34,-1,941.0,512.0,44.0,25.0,0.8602841,1,-1
34,-1,306.0,217.0,22.0,27.0,0.66006446,1,-1
35,-1,300.0,215.0,26.0,25.0,0.97026217,1,-1
35,-1,767.0,386.0,71.0,57.0,0.9394725,1,-1
35,-1,939.0,512.0,44.0,25.0,0.88378155,1,-1
35,-1,307.0,217.0,22.0,27.0,0.67513984,1,-1
36,-1,299.0,215.0,26.0,26.0,0.9748088,1,-1
36,-1,767.0,386.0,72.0,58.0,0.83312565,1,-1
36,-1,937.0,512.0,44.0,26.0,0.8137384,1,-1
37,-1,299.0,216.0,25.0,26.0,0.97661746,1,-1
37,-1,766.0,386.0,72.0,59.0,0.6652747,1,-1
37,-1,934.0,511.0,46.0,26.0,0.633587,1,-1
38,-1,300.0,215.0,24.0,26.0,0.97686917,1,-1
38,-1,307.0,217.0,20.0,28.0,0.68693954,1,-1
39,-1,300.0,216.0,24.0,26.0,0.9856434,1,-1
39,-1,930.0,510.0,47.0,26.0,0.6254609,1,-1
40,-1,300.0,215.0,24.0,26.0,0.98096657,1,-1
40,-1,930.0,510.0,43.0,25.0,0.5957377,1,-1
41,-1,300.0,215.0,24.0,26.0,0.9851163,1,-1
41,-1,929.0,509.0,43.0,26.0,0.61298674,1,-1
42,-1,299.0,216.0,24.0,26.0,0.98682934,1,-1
42,-1,928.0,509.0,43.0,27.0,0.847728,1,-1
42,-1,827.0,506.0,48.0,34.0,0.63673913,1,-1
43,-1,299.0,217.0,24.0,26.0,0.9900714,1,-1
43,-1,927.0,509.0,42.0,27.0,0.90596265,1,-1
44,-1,299.0,217.0,23.0,25.0,0.98763436,1,-1
44,-1,926.0,508.0,43.0,28.0,0.93179,1,-1
44,-1,824.0,504.0,50.0,36.0,0.58409256,1,-1
45,-1,300.0,217.0,22.0,25.0,0.9865789,1,-1
45,-1,820.0,501.0,53.0,37.0,0.50952876,1,-1
46,-1,299.0,217.0,22.0,24.0,0.99161315,1,-1
46,-1,922.0,508.0,42.0,27.0,0.798979,1,-1
46,-1,818.0,501.0,53.0,37.0,0.5754904,1,-1
47,-1,299.0,217.0,21.0,24.0,0.99058986,1,-1
47,-1,920.0,508.0,43.0,27.0,0.83407843,1,-1
47,-1,320.0,239.0,18.0,31.0,0.796195,1,-1
47,-1,817.0,500.0,52.0,37.0,0.65458184,1,-1
47,-1,305.0,221.0,18.0,23.0,0.5302221,1,-1
48,-1,300.0,217.0,21.0,24.0,0.9885797,1,-1
48,-1,821.0,501.0,47.0,37.0,0.8670093,1,-1
48,-1,320.0,238.0,18.0,31.0,0.5895222,1,-1
48,-1,305.0,220.0,18.0,24.0,0.5510708,1,-1
49,-1,300.0,218.0,21.0,26.0,0.9791837,1,-1
49,-1,320.0,237.0,18.0,33.0,0.80813664,1,-1
49,-1,756.0,383.0,73.0,57.0,0.7339078,1,-1
49,-1,820.0,501.0,47.0,37.0,0.6743173,1,-1
49,-1,917.0,509.0,42.0,26.0,0.5324388,1,-1
50,-1,298.0,219.0,22.0,26.0,0.99128145,1,-1
50,-1,756.0,383.0,74.0,58.0,0.81988615,1,-1
50,-1,323.0,136.0,10.0,12.0,0.60454327,1,-1
51,-1,300.0,223.0,22.0,28.0,0.9979233,1,-1
51,-1,321.0,237.0,20.0,32.0,0.56986046,1,-1
52,-1,300.0,228.0,22.0,24.0,0.996265,1,-1
52,-1,754.0,386.0,75.0,60.0,0.75028557,1,-1
52,-1,815.0,505.0,47.0,35.0,0.68561715,1,-1
52,-1,323.0,238.0,18.0,32.0,0.54796296,1,-1
53,-1,300.0,230.0,23.0,25.0,0.98884577,1,-1
53,-1,814.0,505.0,47.0,35.0,0.6511924,1,-1
53,-1,843.0,184.0,181.0,138.0,0.62950814,1,-1
54,-1,300.0,232.0,24.0,24.0,0.98488957,1,-1
54,-1,307.0,234.0,21.0,27.0,0.55092233,1,-1
55,-1,299.0,232.0,25.0,25.0,0.9840094,1,-1
55,-1,305.0,233.0,22.0,27.0,0.68304116,1,-1
55,-1,812.0,504.0,48.0,36.0,0.60197496,1,-1
56,-1,299.0,232.0,25.0,25.0,0.9880023,1,-1
56,-1,811.0,502.0,48.0,36.0,0.8487899,1,-1
57,-1,299.0,232.0,25.0,26.0,0.98889405,1,-1
57,-1,809.0,501.0,48.0,37.0,0.92692935,1,-1
58,-1,299.0,232.0,25.0,26.0,0.98621964,1,-1
58,-1,808.0,501.0,48.0,37.0,0.9704643,1,-1
59,-1,299.0,232.0,25.0,26.0,0.9854402,1,-1
59,-1,807.0,499.0,49.0,38.0,0.86546737,1,-1
60,-1,299.0,232.0,26.0,26.0,0.9870647,1,-1
60,-1,807.0,498.0,48.0,38.0,0.8396535,1,-1
61,-1,299.0,232.0,26.0,26.0,0.9817708,1,-1
61,-1,806.0,498.0,46.0,38.0,0.96557647,1,-1
62,-1,299.0,232.0,26.0,27.0,0.9665142,1,-1
62,-1,805.0,497.0,46.0,39.0,0.94457203,1,-1
63,-1,298.0,232.0,27.0,27.0,0.97852683,1,-1
63,-1,803.0,497.0,46.0,39.0,0.9282959,1,-1
63,-1,316.0,190.0,13.0,17.0,0.53362876,1,-1
64,-1,298.0,232.0,27.0,28.0,0.978621,1,-1
64,-1,802.0,497.0,46.0,39.0,0.9426887,1,-1
64,-1,316.0,192.0,13.0,15.0,0.58693856,1,-1
64,-1,395.0,423.0,37.0,48.0,0.54982704,1,-1
65,-1,801.0,495.0,45.0,40.0,0.9822404,1,-1
65,-1,297.0,233.0,27.0,26.0,0.9499527,1,-1
65,-1,395.0,424.0,37.0,47.0,0.6477591,1,-1
66,-1,799.0,494.0,46.0,41.0,0.9571253,1,-1
66,-1,297.0,234.0,28.0,26.0,0.91146755,1,-1
67,-1,298.0,233.0,27.0,26.0,0.96408194,1,-1
67,-1,798.0,493.0,46.0,42.0,0.9494533,1,-1
67,-1,396.0,425.0,35.0,49.0,0.62002444,1,-1
68,-1,298.0,234.0,27.0,26.0,0.95567346,1,-1
68,-1,798.0,492.0,46.0,43.0,0.953133,1,-1
68,-1,396.0,425.0,36.0,48.0,0.809436,1,-1
68,-1,304.0,237.0,23.0,26.0,0.7627814,1,-1
69,-1,797.0,492.0,46.0,43.0,0.9808137,1,-1
69,-1,295.0,234.0,27.0,25.0,0.92677945,1,-1
69,-1,395.0,424.0,38.0,49.0,0.8031953,1,-1
69,-1,303.0,237.0,24.0,27.0,0.75863993,1,-1
70,-1,795.0,491.0,47.0,44.0,0.98283285,1,-1
70,-1,395.0,423.0,39.0,52.0,0.9818112,1,-1
70,-1,296.0,234.0,28.0,27.0,0.9189566,1,-1
70,-1,317.0,195.0,12.0,14.0,0.54790235,1,-1
70,-1,322.0,153.0,12.0,14.0,0.5137611,1,-1
71,-1,394.0,423.0,39.0,54.0,0.9486241,1,-1
71,-1,297.0,235.0,26.0,26.0,0.9369884,1,-1
71,-1,795.0,491.0,47.0,43.0,0.9285689,1,-1
71,-1,307.0,239.0,21.0,27.0,0.5912523,1,-1
71,-1,322.0,153.0,11.0,14.0,0.53651303,1,-1
71,-1,316.0,194.0,12.0,15.0,0.5357634,1,-1
72,-1,297.0,234.0,26.0,27.0,0.91421115,1,-1
72,-1,322.0,154.0,11.0,14.0,0.6498286,1,-1
72,-1,794.0,491.0,48.0,43.0,0.6346975,1,-1
72,-1,316.0,194.0,12.0,15.0,0.53368044,1,-1
73,-1,295.0,233.0,24.0,25.0,0.8748223,1,-1
73,-1,791.0,489.0,51.0,49.0,0.73526436,1,-1
73,-1,322.0,154.0,11.0,13.0,0.6762212,1,-1
73,-1,396.0,426.0,41.0,51.0,0.6416066,1,-1
73,-1,316.0,195.0,12.0,15.0,0.56801736,1,-1
73,-1,321.0,247.0,18.0,29.0,0.5288029,1,-1
74,-1,295.0,232.0,24.0,25.0,0.87918526,1,-1
74,-1,790.0,488.0,51.0,48.0,0.72837806,1,-1
74,-1,322.0,155.0,12.0,14.0,0.6766321,1,-1
74,-1,316.0,195.0,13.0,15.0,0.63079774,1,-1
74,-1,321.0,247.0,18.0,29.0,0.5080422,1,-1
75,-1,299.0,235.0,23.0,27.0,0.78229654,1,-1
75,-1,316.0,196.0,13.0,16.0,0.6041877,1,-1
75,-1,322.0,156.0,12.0,13.0,0.59285337,1,-1
75,-1,310.0,241.0,20.0,27.0,0.50149,1,-1
76,-1,397.0,432.0,39.0,49.0,0.9410544,1,-1
76,-1,790.0,490.0,46.0,42.0,0.84432304,1,-1
77,-1,790.0,492.0,45.0,42.0,0.9199887,1,-1
78,-1,789.0,493.0,46.0,42.0,0.9617043,1,-1
78,-1,323.0,166.0,11.0,13.0,0.5318583,1,-1
79,-1,396.0,439.0,42.0,53.0,0.97754544,1,-1
79,-1,789.0,492.0,46.0,42.0,0.97532994,1,-1
79,-1,322.0,167.0,12.0,14.0,0.5136173,1,-1
80,-1,788.0,492.0,45.0,42.0,0.95439357,1,-1
80,-1,396.0,440.0,43.0,52.0,0.8095234,1,-1
81,-1,787.0,491.0,45.0,42.0,0.84799147,1,-1
82,-1,831.0,200.0,193.0,138.0,0.7559575,1,-1
82,-1,785.0,491.0,45.0,43.0,0.72791815,1,-1
82,-1,322.0,169.0,12.0,14.0,0.561341,1,-1
83,-1,784.0,490.0,50.0,46.0,0.5136103,1,-1
83,-1,785.0,490.0,46.0,43.0,0.50036794,1,-1
84,-1,311.0,252.0,20.0,29.0,0.62850994,1,-1
84,-1,783.0,489.0,50.0,47.0,0.5957549,1,-1
84,-1,322.0,170.0,12.0,14.0,0.5066971,1,-1
85,-1,781.0,488.0,50.0,47.0,0.70694363,1,-1
86,-1,780.0,487.0,50.0,48.0,0.9325468,1,-1
86,-1,307.0,251.0,23.0,30.0,0.57003105,1,-1
87,-1,779.0,487.0,49.0,48.0,0.9649307,1,-1
87,-1,307.0,250.0,24.0,30.0,0.6114144,1,-1
88,-1,305.0,250.0,25.0,31.0,0.7838176,1,-1
88,-1,779.0,487.0,47.0,46.0,0.6517062,1,-1
88,-1,335.0,151.0,9.0,11.0,0.5551478,1,-1
89,-1,307.0,251.0,24.0,30.0,0.6902648,1,-1
89,-1,335.0,151.0,9.0,11.0,0.5457463,1,-1
89,-1,778.0,486.0,47.0,46.0,0.54270595,1,-1
89,-1,322.0,172.0,12.0,14.0,0.5182262,1,-1
90,-1,335.0,151.0,9.0,11.0,0.63294506,1,-1
90,-1,322.0,172.0,12.0,14.0,0.60095185,1,-1
90,-1,309.0,252.0,22.0,29.0,0.5314634,1,-1
91,-1,776.0,483.0,47.0,47.0,0.61222315,1,-1
93,-1,305.0,251.0,25.0,32.0,0.70508873,1,-1
93,-1,432.0,229.0,20.0,19.0,0.6425054,1,-1
94,-1,508.0,376.0,31.0,24.0,0.81790286,1,-1
94,-1,307.0,252.0,25.0,32.0,0.6835574,1,-1
95,-1,307.0,253.0,24.0,32.0,0.75525004,1,-1
95,-1,509.0,379.0,32.0,22.0,0.5653469,1,-1
95,-1,301.0,249.0,26.0,32.0,0.5205568,1,-1
95,-1,322.0,174.0,11.0,15.0,0.51133317,1,-1
96,-1,334.0,152.0,9.0,12.0,0.6728145,1,-1
96,-1,309.0,255.0,24.0,32.0,0.5818438,1,-1
96,-1,321.0,174.0,12.0,15.0,0.52509505,1,-1
98,-1,333.0,153.0,9.0,12.0,0.6143517,1,-1
99,-1,334.0,157.0,10.0,12.0,0.6974911,1,-1
100,-1,320.0,185.0,14.0,18.0,0.5038549,1,-1
102,-1,403.0,475.0,40.0,48.0,0.76575035,1,-1
102,-1,729.0,401.0,63.0,58.0,0.6955841,1,-1
102,-1,310.0,273.0,22.0,30.0,0.5507491,1,-1
103,-1,402.0,474.0,41.0,53.0,0.63471776,1,-1
103,-1,728.0,401.0,63.0,57.0,0.5536268,1,-1
104,-1,310.0,274.0,22.0,30.0,0.6262052,1,-1
105,-1,727.0,401.0,61.0,57.0,0.6642975,1,-1
106,-1,403.0,478.0,43.0,50.0,0.7857944,1,-1
107,-1,404.0,479.0,43.0,47.0,0.9385074,1,-1
107,-1,312.0,275.0,20.0,26.0,0.549207,1,-1
107,-1,725.0,401.0,62.0,57.0,0.52318907,1,-1
108,-1,404.0,480.0,43.0,48.0,0.9691023,1,-1
108,-1,313.0,276.0,20.0,26.0,0.54404366,1,-1
109,-1,404.0,480.0,43.0,50.0,0.9594074,1,-1
109,-1,313.0,276.0,19.0,25.0,0.7602334,1,-1
110,-1,312.0,275.0,19.0,25.0,0.8382465,1,-1
110,-1,405.0,481.0,43.0,49.0,0.8351625,1,-1
111,-1,406.0,481.0,42.0,49.0,0.9013506,1,-1
111,-1,311.0,275.0,19.0,25.0,0.83292174,1,-1
112,-1,407.0,481.0,42.0,50.0,0.9398393,1,-1
112,-1,310.0,275.0,20.0,25.0,0.79756016,1,-1
113,-1,310.0,276.0,20.0,26.0,0.8357479,1,-1
113,-1,407.0,481.0,41.0,51.0,0.75006473,1,-1
113,-1,332.0,176.0,11.0,14.0,0.5886197,1,-1
113,-1,328.0,202.0,12.0,20.0,0.5359471,1,-1
114,-1,406.0,481.0,42.0,52.0,0.9183077,1,-1
114,-1,311.0,275.0,19.0,24.0,0.8226407,1,-1
114,-1,328.0,203.0,13.0,20.0,0.5878678,1,-1
114,-1,318.0,240.0,13.0,20.0,0.5153543,1,-1
115,-1,406.0,482.0,42.0,52.0,0.8645379,1,-1
115,-1,310.0,276.0,20.0,24.0,0.855336,1,-1
115,-1,326.0,201.0,13.0,20.0,0.5553018,1,-1
116,-1,310.0,276.0,20.0,24.0,0.8866866,1,-1
116,-1,408.0,481.0,43.0,53.0,0.8663969,1,-1
116,-1,327.0,202.0,13.0,19.0,0.72423756,1,-1
116,-1,332.0,177.0,10.0,13.0,0.6921975,1,-1
116,-1,323.0,202.0,15.0,16.0,0.5603029,1,-1
117,-1,311.0,276.0,19.0,23.0,0.83632,1,-1
117,-1,326.0,201.0,14.0,19.0,0.77482283,1,-1
117,-1,333.0,177.0,10.0,13.0,0.6179209,1,-1
117,-1,407.0,480.0,44.0,54.0,0.60815126,1,-1
117,-1,323.0,201.0,15.0,16.0,0.6012567,1,-1
118,-1,310.0,277.0,19.0,22.0,0.84274197,1,-1
118,-1,326.0,202.0,14.0,18.0,0.7735989,1,-1
118,-1,323.0,202.0,15.0,15.0,0.6818138,1,-1
118,-1,333.0,177.0,10.0,13.0,0.63127655,1,-1
118,-1,331.0,180.0,11.0,14.0,0.52020705,1,-1
118,-1,408.0,480.0,44.0,55.0,0.500617,1,-1
119,-1,311.0,277.0,18.0,23.0,0.8118588,1,-1
119,-1,408.0,480.0,42.0,54.0,0.7929781,1,-1
119,-1,326.0,203.0,14.0,19.0,0.71242183,1,-1
119,-1,323.0,202.0,15.0,16.0,0.5308778,1,-1
119,-1,333.0,177.0,10.0,13.0,0.5051177,1,-1
120,-1,408.0,483.0,42.0,54.0,0.95692843,1,-1
120,-1,310.0,277.0,18.0,23.0,0.8425409,1,-1
120,-1,327.0,202.0,13.0,19.0,0.8088003,1,-1
120,-1,323.0,202.0,14.0,16.0,0.78293985,1,-1
120,-1,332.0,180.0,10.0,13.0,0.7008214,1,-1
120,-1,333.0,178.0,10.0,13.0,0.6513873,1,-1
121,-1,408.0,488.0,43.0,50.0,0.9797309,1,-1
121,-1,321.0,204.0,14.0,15.0,0.8884184,1,-1
121,-1,330.0,294.0,21.0,32.0,0.6178587,1,-1
121,-1,326.0,205.0,13.0,18.0,0.5777151,1,-1
121,-1,310.0,281.0,20.0,25.0,0.51915425,1,-1
122,-1,408.0,495.0,43.0,43.0,0.8478546,1,-1
122,-1,322.0,208.0,13.0,15.0,0.7936757,1,-1
122,-1,325.0,209.0,13.0,15.0,0.7044565,1,-1
122,-1,328.0,211.0,12.0,15.0,0.60645664,1,-1
122,-1,329.0,214.0,12.0,15.0,0.58487606,1,-1
122,-1,359.0,199.0,13.0,15.0,0.50540864,1,-1
123,-1,327.0,213.0,13.0,18.0,0.5764195,1,-1
123,-1,310.0,288.0,20.0,28.0,0.5347362,1,-1
123,-1,333.0,192.0,10.0,14.0,0.5069578,1,-1
123,-1,323.0,212.0,13.0,16.0,0.50166345,1,-1
124,-1,310.0,291.0,19.0,26.0,0.8545804,1,-1
124,-1,326.0,218.0,15.0,19.0,0.65502965,1,-1
125,-1,310.0,291.0,20.0,26.0,0.8589426,1,-1
125,-1,326.0,219.0,14.0,18.0,0.70020664,1,-1
125,-1,323.0,218.0,15.0,16.0,0.6482275,1,-1
125,-1,333.0,194.0,10.0,13.0,0.5292757,1,-1
126,-1,310.0,291.0,20.0,25.0,0.87409425,1,-1
126,-1,326.0,219.0,14.0,18.0,0.645108,1,-1
126,-1,323.0,219.0,15.0,16.0,0.5260887,1,-1
127,-1,310.0,291.0,19.0,24.0,0.90746784,1,-1
127,-1,326.0,220.0,15.0,17.0,0.5795289,1,-1
127,-1,332.0,194.0,11.0,14.0,0.5287551,1,-1
128,-1,310.0,292.0,19.0,22.0,0.8920922,1,-1
128,-1,322.0,219.0,15.0,15.0,0.7239061,1,-1
128,-1,326.0,219.0,15.0,16.0,0.5183132,1,-1
129,-1,322.0,220.0,14.0,15.0,0.9001202,1,-1
129,-1,311.0,293.0,18.0,21.0,0.8982417,1,-1
129,-1,325.0,220.0,13.0,17.0,0.83861214,1,-1
129,-1,331.0,197.0,10.0,14.0,0.5523015,1,-1
130,-1,311.0,293.0,19.0,22.0,0.881684,1,-1
130,-1,322.0,220.0,13.0,15.0,0.7603424,1,-1
130,-1,327.0,220.0,13.0,17.0,0.73244685,1,-1
131,-1,310.0,293.0,19.0,21.0,0.9152054,1,-1
131,-1,322.0,220.0,13.0,15.0,0.91422266,1,-1
131,-1,326.0,221.0,12.0,17.0,0.79426724,1,-1
131,-1,331.0,198.0,10.0,14.0,0.58480054,1,-1
132,-1,311.0,293.0,19.0,21.0,0.8473701,1,-1
132,-1,322.0,221.0,14.0,15.0,0.80068755,1,-1
132,-1,325.0,221.0,13.0,17.0,0.61916846,1,-1
132,-1,332.0,197.0,11.0,14.0,0.6189838,1,-1
133,-1,321.0,221.0,14.0,15.0,0.85237783,1,-1
133,-1,311.0,293.0,19.0,22.0,0.78382653,1,-1
133,-1,324.0,221.0,14.0,17.0,0.68892217,1,-1
133,-1,332.0,198.0,10.0,13.0,0.62225056,1,-1
133,-1,349.0,179.0,11.0,11.0,0.5376294,1,-1
134,-1,322.0,221.0,13.0,15.0,0.7164799,1,-1
134,-1,311.0,294.0,19.0,21.0,0.6975919,1,-1
134,-1,332.0,199.0,10.0,13.0,0.6752448,1,-1
134,-1,329.0,311.0,21.0,31.0,0.5849549,1,-1
134,-1,348.0,179.0,11.0,11.0,0.5592926,1,-1
134,-1,326.0,222.0,13.0,17.0,0.52144235,1,-1
135,-1,323.0,221.0,14.0,15.0,0.74901295,1,-1
135,-1,324.0,202.0,14.0,13.0,0.74312115,1,-1
135,-1,331.0,200.0,11.0,15.0,0.73444825,1,-1
135,-1,311.0,295.0,19.0,22.0,0.6605953,1,-1
135,-1,349.0,179.0,11.0,11.0,0.6110905,1,-1
135,-1,324.0,222.0,14.0,16.0,0.5613135,1,-1
135,-1,330.0,197.0,11.0,13.0,0.5164279,1,-1
136,-1,325.0,202.0,13.0,12.0,0.8159097,1,-1
136,-1,348.0,179.0,11.0,11.0,0.79891527,1,-1
136,-1,331.0,200.0,11.0,14.0,0.7693901,1,-1
136,-1,323.0,222.0,13.0,15.0,0.6953052,1,-1
136,-1,311.0,295.0,20.0,22.0,0.60005563,1,-1
136,-1,330.0,198.0,11.0,14.0,0.5604677,1,-1
136,-1,328.0,312.0,21.0,30.0,0.5205949,1,-1
137,-1,349.0,180.0,11.0,12.0,0.67252123,1,-1
137,-1,322.0,222.0,13.0,15.0,0.67111695,1,-1
137,-1,331.0,201.0,11.0,15.0,0.6378959,1,-1
137,-1,311.0,295.0,19.0,22.0,0.63777435,1,-1
138,-1,325.0,203.0,12.0,12.0,0.8165433,1,-1
138,-1,348.0,180.0,11.0,11.0,0.7829531,1,-1
138,-1,331.0,202.0,10.0,14.0,0.7564611,1,-1
138,-1,310.0,296.0,20.0,21.0,0.6277242,1,-1
138,-1,322.0,223.0,12.0,14.0,0.626538,1,-1
139,-1,325.0,203.0,13.0,12.0,0.8913411,1,-1
139,-1,331.0,202.0,10.0,14.0,0.81912136,1,-1
139,-1,349.0,181.0,11.0,12.0,0.80120826,1,-1
139,-1,322.0,223.0,13.0,15.0,0.71157956,1,-1
139,-1,310.0,296.0,20.0,21.0,0.663059,1,-1
139,-1,326.0,224.0,12.0,17.0,0.50280637,1,-1
140,-1,325.0,203.0,12.0,11.0,0.8749004,1,-1
140,-1,310.0,295.0,20.0,23.0,0.78230727,1,-1
140,-1,332.0,202.0,9.0,13.0,0.77506596,1,-1
140,-1,348.0,182.0,12.0,11.0,0.6794017,1,-1
140,-1,322.0,224.0,12.0,15.0,0.5109148,1,-1
141,-1,325.0,203.0,12.0,12.0,0.824584,1,-1
141,-1,309.0,296.0,21.0,23.0,0.75823253,1,-1
141,-1,332.0,202.0,10.0,14.0,0.7224235,1,-1
141,-1,348.0,182.0,11.0,11.0,0.66516477,1,-1
141,-1,322.0,224.0,12.0,15.0,0.50375354,1,-1
142,-1,309.0,296.0,21.0,23.0,0.7898911,1,-1
142,-1,325.0,204.0,12.0,12.0,0.78842366,1,-1
142,-1,331.0,203.0,9.0,14.0,0.63856083,1,-1
142,-1,348.0,184.0,11.0,10.0,0.633167,1,-1
143,-1,325.0,204.0,12.0,12.0,0.81432176,1,-1
143,-1,310.0,296.0,21.0,21.0,0.796162,1,-1
143,-1,331.0,203.0,10.0,14.0,0.6773517,1,-1
143,-1,348.0,184.0,11.0,10.0,0.63245666,1,-1
144,-1,325.0,204.0,13.0,13.0,0.87574023,1,-1
144,-1,310.0,296.0,21.0,23.0,0.86986876,1,-1
144,-1,331.0,204.0,10.0,14.0,0.73930776,1,-1
144,-1,349.0,184.0,11.0,11.0,0.63064665,1,-1
145,-1,324.0,204.0,13.0,13.0,0.86569285,1,-1
145,-1,329.0,204.0,11.0,15.0,0.7931884,1,-1
145,-1,309.0,296.0,21.0,24.0,0.74386865,1,-1
146,-1,324.0,204.0,13.0,13.0,0.9032107,1,-1
146,-1,329.0,205.0,11.0,14.0,0.8054607,1,-1
146,-1,310.0,296.0,20.0,23.0,0.6958177,1,-1
147,-1,324.0,204.0,13.0,13.0,0.92127854,1,-1
147,-1,330.0,205.0,11.0,15.0,0.8340356,1,-1
147,-1,310.0,296.0,20.0,23.0,0.74278367,1,-1
147,-1,349.0,185.0,11.0,11.0,0.7237076,1,-1
148,-1,324.0,205.0,13.0,13.0,0.87142104,1,-1
148,-1,349.0,185.0,11.0,11.0,0.7741635,1,-1
148,-1,330.0,205.0,10.0,14.0,0.7341349,1,-1
148,-1,310.0,296.0,19.0,23.0,0.73166174,1,-1
149,-1,324.0,205.0,13.0,13.0,0.8917031,1,-1
149,-1,330.0,205.0,10.0,14.0,0.7736763,1,-1
149,-1,349.0,185.0,11.0,11.0,0.7160379,1,-1
149,-1,310.0,296.0,19.0,23.0,0.615854,1,-1
150,-1,324.0,205.0,13.0,13.0,0.89476126,1,-1
150,-1,329.0,206.0,10.0,14.0,0.7678821,1,-1
150,-1,708.0,411.0,57.0,52.0,0.7285038,1,-1
150,-1,310.0,296.0,19.0,23.0,0.6799703,1,-1
150,-1,350.0,186.0,11.0,10.0,0.66255486,1,-1
151,-1,324.0,206.0,13.0,13.0,0.88632613,1,-1
151,-1,710.0,410.0,56.0,53.0,0.8828452,1,-1
151,-1,350.0,186.0,11.0,11.0,0.81558216,1,-1
151,-1,330.0,206.0,10.0,14.0,0.7765617,1,-1
151,-1,310.0,296.0,19.0,23.0,0.65777767,1,-1
152,-1,708.0,410.0,55.0,50.0,0.9518273,1,-1
152,-1,323.0,206.0,13.0,13.0,0.9202901,1,-1
152,-1,350.0,186.0,11.0,11.0,0.8677345,1,-1
152,-1,329.0,207.0,10.0,14.0,0.80200875,1,-1
152,-1,310.0,297.0,19.0,23.0,0.715142,1,-1
153,-1,350.0,186.0,11.0,11.0,0.88721865,1,-1
153,-1,324.0,207.0,13.0,13.0,0.8737761,1,-1
153,-1,328.0,207.0,10.0,14.0,0.7683239,1,-1
153,-1,310.0,297.0,20.0,24.0,0.57442987,1,-1
154,-1,350.0,189.0,11.0,11.0,0.8854502,1,-1
154,-1,328.0,210.0,10.0,14.0,0.7897798,1,-1
154,-1,319.0,236.0,11.0,15.0,0.78605366,1,-1
154,-1,330.0,214.0,10.0,13.0,0.6832133,1,-1
154,-1,319.0,274.0,14.0,18.0,0.50097144,1,-1
155,-1,310.0,304.0,19.0,26.0,0.8353827,1,-1
155,-1,325.0,216.0,13.0,12.0,0.8285506,1,-1
155,-1,328.0,213.0,11.0,15.0,0.7949641,1,-1
155,-1,321.0,238.0,11.0,14.0,0.7794017,1,-1
155,-1,350.0,194.0,11.0,11.0,0.75855327,1,-1
155,-1,330.0,216.0,11.0,14.0,0.6926826,1,-1
155,-1,324.0,236.0,11.0,14.0,0.51782,1,-1
155,-1,705.0,413.0,62.0,65.0,0.50245434,1,-1
156,-1,325.0,219.0,12.0,12.0,0.9410712,1,-1
156,-1,311.0,306.0,19.0,24.0,0.90005404,1,-1
156,-1,318.0,240.0,12.0,16.0,0.8398034,1,-1
156,-1,330.0,218.0,10.0,15.0,0.82934475,1,-1
156,-1,706.0,414.0,58.0,63.0,0.7552149,1,-1
156,-1,350.0,196.0,11.0,11.0,0.71155196,1,-1
156,-1,323.0,238.0,11.0,14.0,0.5724825,1,-1
156,-1,328.0,214.0,11.0,15.0,0.5446137,1,-1
156,-1,330.0,237.0,10.0,15.0,0.5232246,1,-1
157,-1,324.0,219.0,12.0,12.0,0.94986993,1,-1
157,-1,311.0,307.0,19.0,23.0,0.8638895,1,-1
157,-1,318.0,241.0,12.0,16.0,0.8122027,1,-1
157,-1,330.0,219.0,10.0,15.0,0.7770779,1,-1
157,-1,329.0,216.0,10.0,14.0,0.7759546,1,-1
157,-1,350.0,198.0,11.0,11.0,0.681642,1,-1
157,-1,705.0,412.0,59.0,65.0,0.5063495,1,-1
158,-1,324.0,219.0,12.0,13.0,0.9499264,1,-1
158,-1,312.0,308.0,19.0,22.0,0.8465205,1,-1
158,-1,328.0,217.0,10.0,14.0,0.7983737,1,-1
158,-1,318.0,242.0,12.0,16.0,0.77777886,1,-1
158,-1,350.0,198.0,11.0,11.0,0.7677891,1,-1
158,-1,330.0,219.0,10.0,15.0,0.7561028,1,-1
158,-1,322.0,284.0,13.0,15.0,0.506057,1,-1
159,-1,324.0,220.0,12.0,12.0,0.9484907,1,-1
159,-1,312.0,308.0,19.0,22.0,0.8724659,1,-1
159,-1,329.0,218.0,10.0,14.0,0.7862702,1,-1
159,-1,318.0,242.0,12.0,16.0,0.7437065,1,-1
159,-1,330.0,220.0,10.0,15.0,0.7369657,1,-1
159,-1,350.0,198.0,11.0,11.0,0.66377157,1,-1
160,-1,324.0,220.0,13.0,13.0,0.9603129,1,-1
160,-1,328.0,218.0,10.0,15.0,0.85470587,1,-1
160,-1,318.0,243.0,12.0,15.0,0.78118265,1,-1
160,-1,350.0,198.0,11.0,11.0,0.74423826,1,-1
160,-1,311.0,309.0,20.0,23.0,0.7394976,1,-1
161,-1,324.0,220.0,13.0,12.0,0.95532167,1,-1
161,-1,350.0,199.0,12.0,12.0,0.8300415,1,-1
161,-1,329.0,219.0,10.0,14.0,0.814518,1,-1
161,-1,329.0,221.0,10.0,15.0,0.80638826,1,-1
161,-1,317.0,244.0,12.0,15.0,0.71636295,1,-1
161,-1,312.0,308.0,19.0,22.0,0.67498755,1,-1
161,-1,329.0,326.0,23.0,29.0,0.53730017,1,-1
162,-1,324.0,220.0,13.0,13.0,0.9637575,1,-1
162,-1,328.0,219.0,10.0,15.0,0.87656605,1,-1
162,-1,350.0,199.0,11.0,12.0,0.811775,1,-1
162,-1,311.0,308.0,19.0,22.0,0.73729414,1,-1
163,-1,324.0,221.0,13.0,13.0,0.9422036,1,-1
163,-1,328.0,220.0,10.0,15.0,0.835327,1,-1
163,-1,351.0,200.0,11.0,12.0,0.6596566,1,-1
163,-1,312.0,309.0,19.0,22.0,0.5783974,1,-1
163,-1,329.0,327.0,22.0,30.0,0.52714175,1,-1
164,-1,324.0,221.0,13.0,13.0,0.93465614,1,-1
164,-1,328.0,221.0,11.0,15.0,0.8251955,1,-1
164,-1,351.0,200.0,11.0,12.0,0.70167005,1,-1
164,-1,312.0,309.0,18.0,21.0,0.64169335,1,-1
165,-1,323.0,222.0,13.0,14.0,0.92792076,1,-1
165,-1,328.0,222.0,11.0,16.0,0.7600255,1,-1
165,-1,351.0,200.0,11.0,12.0,0.72743046,1,-1
165,-1,313.0,309.0,18.0,21.0,0.56070036,1,-1
166,-1,324.0,222.0,13.0,13.0,0.9542113,1,-1
166,-1,351.0,200.0,11.0,12.0,0.85397494,1,-1
166,-1,328.0,222.0,10.0,16.0,0.81596524,1,-1
166,-1,312.0,309.0,18.0,21.0,0.52975875,1,-1
167,-1,323.0,222.0,13.0,14.0,0.9296709,1,-1
167,-1,351.0,201.0,11.0,12.0,0.8456794,1,-1
167,-1,327.0,222.0,10.0,15.0,0.8026918,1,-1
167,-1,311.0,310.0,19.0,21.0,0.70762336,1,-1
168,-1,323.0,223.0,13.0,14.0,0.91094655,1,-1
168,-1,351.0,201.0,10.0,12.0,0.803212,1,-1
168,-1,327.0,223.0,10.0,16.0,0.69185185,1,-1
168,-1,312.0,310.0,18.0,20.0,0.5947239,1,-1
169,-1,323.0,223.0,12.0,14.0,0.88143784,1,-1
169,-1,352.0,202.0,11.0,12.0,0.7835233,1,-1
169,-1,326.0,223.0,11.0,15.0,0.6863422,1,-1
169,-1,311.0,310.0,19.0,21.0,0.6354037,1,-1
170,-1,323.0,223.0,13.0,15.0,0.8820939,1,-1
170,-1,352.0,202.0,10.0,12.0,0.7951745,1,-1
170,-1,327.0,223.0,10.0,16.0,0.6068233,1,-1
170,-1,311.0,311.0,19.0,21.0,0.59263146,1,-1
171,-1,352.0,202.0,10.0,11.0,0.8136982,1,-1
171,-1,322.0,224.0,13.0,15.0,0.8075294,1,-1
171,-1,312.0,311.0,18.0,20.0,0.65339595,1,-1
171,-1,461.0,286.0,31.0,31.0,0.5879533,1,-1
171,-1,326.0,224.0,11.0,15.0,0.51401496,1,-1
172,-1,352.0,203.0,11.0,11.0,0.9072645,1,-1
172,-1,323.0,224.0,12.0,14.0,0.8719677,1,-1
172,-1,326.0,224.0,11.0,15.0,0.6096771,1,-1
172,-1,312.0,311.0,19.0,21.0,0.58315396,1,-1
173,-1,351.0,203.0,11.0,11.0,0.8924288,1,-1
173,-1,323.0,224.0,12.0,15.0,0.88283795,1,-1
173,-1,311.0,311.0,19.0,21.0,0.6693728,1,-1
173,-1,327.0,224.0,10.0,16.0,0.5842546,1,-1
174,-1,352.0,203.0,11.0,11.0,0.9226718,1,-1
174,-1,457.0,284.0,30.0,31.0,0.8842537,1,-1
174,-1,323.0,224.0,12.0,15.0,0.83566713,1,-1
174,-1,311.0,312.0,19.0,21.0,0.6876991,1,-1
174,-1,326.0,224.0,10.0,15.0,0.628657,1,-1
175,-1,352.0,204.0,11.0,11.0,0.8056038,1,-1
175,-1,323.0,225.0,12.0,14.0,0.7183045,1,-1
175,-1,311.0,312.0,19.0,21.0,0.63908607,1,-1
176,-1,352.0,204.0,11.0,11.0,0.848372,1,-1
176,-1,322.0,225.0,13.0,15.0,0.7956696,1,-1
176,-1,312.0,312.0,18.0,21.0,0.53556967,1,-1
177,-1,457.0,283.0,29.0,32.0,0.9358086,1,-1
177,-1,352.0,205.0,11.0,11.0,0.6994718,1,-1
177,-1,312.0,312.0,18.0,21.0,0.65868163,1,-1
177,-1,322.0,225.0,13.0,15.0,0.52458304,1,-1
178,-1,312.0,312.0,18.0,21.0,0.5511015,1,-1
178,-1,352.0,206.0,11.0,11.0,0.5493765,1,-1
179,-1,455.0,283.0,30.0,33.0,0.9239625,1,-1
179,-1,312.0,313.0,18.0,20.0,0.7155634,1,-1
179,-1,352.0,207.0,11.0,11.0,0.54784226,1,-1
180,-1,455.0,283.0,30.0,33.0,0.9517589,1,-1
180,-1,313.0,312.0,18.0,21.0,0.646076,1,-1
181,-1,454.0,283.0,31.0,33.0,0.98615634,1,-1
181,-1,312.0,313.0,19.0,23.0,0.843093,1,-1
181,-1,319.0,290.0,16.0,18.0,0.56860006,1,-1
181,-1,352.0,208.0,11.0,11.0,0.5028456,1,-1
182,-1,454.0,283.0,31.0,32.0,0.99863666,1,-1
182,-1,312.0,313.0,19.0,21.0,0.86118037,1,-1
182,-1,353.0,208.0,11.0,11.0,0.6612296,1,-1
182,-1,319.0,290.0,16.0,18.0,0.52885544,1,-1
183,-1,454.0,282.0,31.0,32.0,0.9989392,1,-1
183,-1,313.0,314.0,18.0,21.0,0.8075245,1,-1
183,-1,319.0,290.0,15.0,18.0,0.6766457,1,-1
184,-1,453.0,282.0,31.0,33.0,0.99875855,1,-1
184,-1,312.0,314.0,19.0,21.0,0.8987055,1,-1
184,-1,320.0,291.0,15.0,18.0,0.71073973,1,-1
185,-1,453.0,283.0,31.0,33.0,0.9982835,1,-1
185,-1,313.0,314.0,20.0,22.0,0.91275626,1,-1
185,-1,319.0,291.0,16.0,17.0,0.79596716,1,-1
186,-1,453.0,282.0,31.0,33.0,0.9980679,1,-1
186,-1,312.0,315.0,20.0,22.0,0.9336642,1,-1
186,-1,320.0,291.0,16.0,18.0,0.77386916,1,-1
187,-1,452.0,281.0,32.0,34.0,0.9977568,1,-1
187,-1,312.0,315.0,21.0,21.0,0.9461455,1,-1
187,-1,320.0,291.0,16.0,18.0,0.6131726,1,-1
188,-1,451.0,281.0,32.0,34.0,0.9969854,1,-1
188,-1,312.0,315.0,21.0,21.0,0.95262855,1,-1
188,-1,320.0,292.0,16.0,18.0,0.8378378,1,-1
188,-1,711.0,466.0,34.0,34.0,0.7392653,1,-1
189,-1,450.0,281.0,32.0,33.0,0.9948244,1,-1
189,-1,311.0,315.0,22.0,22.0,0.9715058,1,-1
189,-1,318.0,292.0,16.0,19.0,0.8325277,1,-1
189,-1,711.0,467.0,34.0,33.0,0.685136,1,-1
190,-1,450.0,281.0,32.0,33.0,0.99170685,1,-1
190,-1,312.0,316.0,21.0,22.0,0.95249724,1,-1
190,-1,320.0,292.0,16.0,19.0,0.8653354,1,-1
190,-1,710.0,466.0,34.0,33.0,0.6458586,1,-1
190,-1,324.0,292.0,14.0,17.0,0.50829536,1,-1
191,-1,451.0,281.0,30.0,32.0,0.9779368,1,-1
191,-1,312.0,316.0,22.0,21.0,0.94087076,1,-1
191,-1,320.0,293.0,16.0,18.0,0.8909409,1,-1
191,-1,710.0,466.0,33.0,33.0,0.72700846,1,-1
191,-1,324.0,293.0,14.0,17.0,0.64376676,1,-1
192,-1,448.0,280.0,31.0,32.0,0.9901551,1,-1
192,-1,312.0,317.0,22.0,22.0,0.9002914,1,-1
192,-1,320.0,293.0,16.0,18.0,0.8811077,1,-1
192,-1,319.0,261.0,11.0,16.0,0.62069136,1,-1
192,-1,324.0,294.0,14.0,16.0,0.57915455,1,-1
193,-1,448.0,280.0,31.0,32.0,0.994321,1,-1
193,-1,312.0,318.0,23.0,22.0,0.8932618,1,-1
193,-1,320.0,294.0,16.0,18.0,0.8651418,1,-1
193,-1,324.0,295.0,14.0,16.0,0.57608294,1,-1
193,-1,353.0,211.0,12.0,12.0,0.5468617,1,-1
194,-1,447.0,279.0,32.0,33.0,0.9925338,1,-1
194,-1,320.0,295.0,16.0,17.0,0.9145344,1,-1
194,-1,313.0,318.0,22.0,21.0,0.9025918,1,-1
194,-1,324.0,295.0,14.0,16.0,0.67655647,1,-1
194,-1,353.0,211.0,12.0,11.0,0.54946715,1,-1
195,-1,448.0,279.0,31.0,32.0,0.9712884,1,-1
195,-1,312.0,318.0,24.0,23.0,0.91019607,1,-1
195,-1,320.0,294.0,15.0,18.0,0.8135233,1,-1
195,-1,325.0,295.0,14.0,16.0,0.5801185,1,-1
195,-1,327.0,239.0,12.0,15.0,0.5621144,1,-1
195,-1,323.0,238.0,14.0,14.0,0.5056312,1,-1
196,-1,448.0,280.0,30.0,32.0,0.9743893,1,-1
196,-1,311.0,318.0,23.0,24.0,0.9698279,1,-1
196,-1,321.0,295.0,15.0,17.0,0.91213715,1,-1
196,-1,325.0,295.0,14.0,16.0,0.7841876,1,-1
196,-1,326.0,240.0,12.0,15.0,0.71937716,1,-1
196,-1,322.0,239.0,13.0,13.0,0.7110043,1,-1
196,-1,320.0,265.0,11.0,14.0,0.6127332,1,-1
196,-1,339.0,281.0,13.0,14.0,0.5599974,1,-1
196,-1,301.0,273.0,12.0,15.0,0.5017526,1,-1
197,-1,312.0,318.0,23.0,24.0,0.9567224,1,-1
197,-1,448.0,280.0,30.0,32.0,0.9454745,1,-1
197,-1,321.0,295.0,15.0,17.0,0.8717392,1,-1
197,-1,325.0,296.0,14.0,16.0,0.74573886,1,-1
197,-1,326.0,240.0,12.0,15.0,0.6946025,1,-1
197,-1,322.0,239.0,13.0,14.0,0.69256765,1,-1
197,-1,320.0,266.0,11.0,14.0,0.50668323,1,-1
198,-1,449.0,281.0,29.0,30.0,0.96186626,1,-1
198,-1,312.0,318.0,23.0,24.0,0.9503946,1,-1
198,-1,322.0,239.0,13.0,14.0,0.75603217,1,-1
198,-1,326.0,240.0,12.0,16.0,0.7530955,1,-1
198,-1,323.0,296.0,14.0,15.0,0.72440517,1,-1
198,-1,319.0,295.0,15.0,19.0,0.51555526,1,-1
199,-1,313.0,318.0,22.0,26.0,0.9519961,1,-1
199,-1,448.0,281.0,28.0,30.0,0.86887246,1,-1
199,-1,326.0,240.0,12.0,16.0,0.8064658,1,-1
199,-1,323.0,239.0,13.0,14.0,0.7683595,1,-1
199,-1,324.0,296.0,14.0,16.0,0.6555077,1,-1
199,-1,330.0,245.0,11.0,14.0,0.5746071,1,-1
199,-1,319.0,267.0,11.0,15.0,0.55363685,1,-1
200,-1,447.0,280.0,29.0,32.0,0.9566757,1,-1
200,-1,313.0,319.0,23.0,25.0,0.92586285,1,-1
200,-1,326.0,240.0,13.0,16.0,0.83381814,1,-1
200,-1,323.0,240.0,13.0,14.0,0.77336603,1,-1
200,-1,329.0,244.0,11.0,15.0,0.678573,1,-1
200,-1,319.0,267.0,11.0,15.0,0.61963594,1,-1
200,-1,323.0,296.0,14.0,16.0,0.6173612,1,-1
201,-1,313.0,319.0,23.0,26.0,0.91472685,1,-1
201,-1,448.0,281.0,28.0,31.0,0.89873326,1,-1
201,-1,326.0,240.0,13.0,17.0,0.8478126,1,-1
201,-1,330.0,244.0,12.0,15.0,0.71897423,1,-1
201,-1,322.0,240.0,14.0,15.0,0.669965,1,-1
201,-1,318.0,268.0,12.0,16.0,0.56185544,1,-1
201,-1,323.0,296.0,14.0,17.0,0.55456746,1,-1
202,-1,313.0,319.0,22.0,25.0,0.93041986,1,-1
202,-1,448.0,280.0,28.0,31.0,0.92983675,1,-1
202,-1,325.0,241.0,14.0,16.0,0.8270533,1,-1
202,-1,322.0,240.0,14.0,14.0,0.7502211,1,-1
202,-1,329.0,244.0,12.0,15.0,0.69613427,1,-1
202,-1,318.0,268.0,12.0,16.0,0.6110919,1,-1
203,-1,315.0,320.0,21.0,25.0,0.9710843,1,-1
203,-1,449.0,280.0,29.0,32.0,0.8968384,1,-1
203,-1,328.0,242.0,12.0,16.0,0.7906921,1,-1
203,-1,324.0,296.0,14.0,16.0,0.7741606,1,-1
203,-1,303.0,271.0,12.0,15.0,0.7500253,1,-1
203,-1,320.0,269.0,12.0,14.0,0.69560856,1,-1
203,-1,324.0,270.0,12.0,15.0,0.54719657,1,-1
203,-1,330.0,248.0,11.0,14.0,0.51898557,1,-1
204,-1,450.0,279.0,32.0,33.0,0.97126734,1,-1
204,-1,317.0,320.0,24.0,23.0,0.7287396,1,-1
204,-1,306.0,271.0,14.0,14.0,0.62067354,1,-1
204,-1,332.0,244.0,14.0,15.0,0.50558907,1,-1
205,-1,458.0,277.0,28.0,34.0,0.9158788,1,-1
205,-1,336.0,240.0,14.0,16.0,0.750542,1,-1
205,-1,368.0,217.0,11.0,10.0,0.63949573,1,-1
206,-1,333.0,319.0,22.0,23.0,0.96776015,1,-1
206,-1,464.0,278.0,29.0,34.0,0.9592889,1,-1
206,-1,343.0,242.0,14.0,15.0,0.7894611,1,-1
206,-1,338.0,268.0,13.0,13.0,0.77728766,1,-1
206,-1,341.0,269.0,12.0,16.0,0.7245602,1,-1
206,-1,346.0,245.0,13.0,13.0,0.70467424,1,-1
206,-1,322.0,269.0,12.0,14.0,0.6690935,1,-1
206,-1,342.0,293.0,13.0,15.0,0.62636137,1,-1
206,-1,334.0,267.0,12.0,15.0,0.5883716,1,-1
206,-1,343.0,271.0,12.0,17.0,0.53698,1,-1
207,-1,466.0,277.0,29.0,33.0,0.98100865,1,-1
207,-1,335.0,320.0,21.0,20.0,0.8234134,1,-1
207,-1,378.0,215.0,11.0,11.0,0.8018004,1,-1
207,-1,378.0,218.0,11.0,10.0,0.77865696,1,-1
207,-1,347.0,241.0,16.0,17.0,0.6973886,1,-1
207,-1,322.0,268.0,15.0,14.0,0.64458436,1,-1
207,-1,344.0,269.0,12.0,17.0,0.5733602,1,-1
208,-1,466.0,277.0,28.0,33.0,0.86918277,1,-1
208,-1,379.0,215.0,11.0,11.0,0.8338179,1,-1
208,-1,337.0,320.0,20.0,22.0,0.75489324,1,-1
208,-1,347.0,241.0,16.0,17.0,0.7270274,1,-1
208,-1,379.0,219.0,11.0,11.0,0.5661287,1,-1
209,-1,467.0,277.0,28.0,33.0,0.8742674,1,-1
209,-1,378.0,217.0,11.0,10.0,0.8206423,1,-1
209,-1,347.0,241.0,16.0,17.0,0.68895173,1,-1
209,-1,335.0,319.0,23.0,22.0,0.5436767,1,-1
210,-1,466.0,275.0,27.0,32.0,0.87757236,1,-1
210,-1,379.0,217.0,11.0,11.0,0.8711218,1,-1
210,-1,346.0,241.0,16.0,17.0,0.63372236,1,-1
211,-1,379.0,217.0,11.0,11.0,0.8911957,1,-1
211,-1,466.0,275.0,28.0,33.0,0.8664466,1,-1
211,-1,349.0,244.0,14.0,16.0,0.62612385,1,-1
211,-1,335.0,320.0,22.0,22.0,0.5537503,1,-1
212,-1,465.0,275.0,28.0,33.0,0.9612354,1,-1
212,-1,379.0,218.0,11.0,11.0,0.86857545,1,-1
212,-1,335.0,320.0,22.0,22.0,0.67481446,1,-1
212,-1,349.0,244.0,14.0,16.0,0.6747851,1,-1
213,-1,464.0,274.0,28.0,33.0,0.96311474,1,-1
213,-1,379.0,218.0,11.0,11.0,0.78959006,1,-1
213,-1,334.0,320.0,23.0,23.0,0.6179831,1,-1
214,-1,464.0,273.0,28.0,35.0,0.98873925,1,-1
214,-1,380.0,218.0,11.0,11.0,0.8649355,1,-1
214,-1,334.0,319.0,23.0,23.0,0.6837022,1,-1
214,-1,343.0,271.0,13.0,17.0,0.5226347,1,-1
215,-1,465.0,273.0,27.0,33.0,0.98413485,1,-1
215,-1,380.0,219.0,11.0,11.0,0.7896941,1,-1
215,-1,334.0,320.0,23.0,23.0,0.518669,1,-1
216,-1,463.0,272.0,29.0,35.0,0.9910046,1,-1
216,-1,379.0,219.0,11.0,11.0,0.7405784,1,-1
217,-1,464.0,272.0,28.0,35.0,0.9914716,1,-1
217,-1,379.0,220.0,11.0,11.0,0.7280548,1,-1
217,-1,344.0,271.0,14.0,17.0,0.5989433,1,-1
217,-1,348.0,245.0,16.0,16.0,0.5879619,1,-1
218,-1,463.0,272.0,28.0,32.0,0.9966466,1,-1
218,-1,343.0,272.0,13.0,17.0,0.77310264,1,-1
218,-1,378.0,219.0,11.0,11.0,0.7335029,1,-1
219,-1,464.0,272.0,27.0,32.0,0.991176,1,-1
219,-1,378.0,219.0,12.0,12.0,0.8361,1,-1
219,-1,343.0,272.0,14.0,17.0,0.83437866,1,-1
219,-1,347.0,245.0,17.0,16.0,0.6725859,1,-1
220,-1,463.0,272.0,26.0,30.0,0.97128445,1,-1
220,-1,378.0,219.0,12.0,12.0,0.8504354,1,-1
220,-1,348.0,246.0,16.0,15.0,0.7811867,1,-1
220,-1,344.0,272.0,13.0,17.0,0.77125144,1,-1
221,-1,461.0,272.0,28.0,32.0,0.99185395,1,-1
221,-1,343.0,273.0,14.0,17.0,0.8736012,1,-1
221,-1,379.0,219.0,12.0,12.0,0.8142514,1,-1
221,-1,348.0,246.0,17.0,15.0,0.76071376,1,-1
221,-1,338.0,272.0,15.0,18.0,0.6931299,1,-1
222,-1,460.0,271.0,28.0,31.0,0.9947273,1,-1
222,-1,343.0,273.0,13.0,17.0,0.86197704,1,-1
222,-1,347.0,247.0,17.0,15.0,0.84244287,1,-1
222,-1,379.0,220.0,11.0,12.0,0.81342494,1,-1
222,-1,339.0,273.0,14.0,18.0,0.759255,1,-1
223,-1,460.0,271.0,28.0,30.0,0.99555606,1,-1
223,-1,343.0,273.0,13.0,17.0,0.8654443,1,-1
223,-1,349.0,248.0,16.0,15.0,0.8152457,1,-1
223,-1,379.0,221.0,11.0,12.0,0.80382365,1,-1
223,-1,338.0,272.0,13.0,18.0,0.7863389,1,-1
224,-1,459.0,271.0,28.0,30.0,0.993433,1,-1
224,-1,348.0,249.0,16.0,14.0,0.90651345,1,-1
224,-1,343.0,273.0,13.0,17.0,0.9036226,1,-1
224,-1,379.0,220.0,11.0,12.0,0.83728755,1,-1
224,-1,338.0,273.0,13.0,18.0,0.7859706,1,-1
224,-1,336.0,321.0,20.0,21.0,0.6281518,1,-1
225,-1,459.0,271.0,28.0,30.0,0.9807598,1,-1
225,-1,348.0,249.0,16.0,14.0,0.87544394,1,-1
225,-1,379.0,221.0,11.0,12.0,0.80319,1,-1
225,-1,343.0,274.0,13.0,17.0,0.7951099,1,-1
225,-1,339.0,274.0,14.0,18.0,0.7719784,1,-1
225,-1,338.0,321.0,21.0,22.0,0.6717412,1,-1
225,-1,346.0,274.0,13.0,17.0,0.59493357,1,-1
226,-1,461.0,271.0,27.0,31.0,0.97715265,1,-1
226,-1,381.0,221.0,11.0,12.0,0.69394416,1,-1
227,-1,467.0,269.0,29.0,32.0,0.991507,1,-1
227,-1,361.0,250.0,13.0,14.0,0.8745192,1,-1
227,-1,334.0,260.0,12.0,16.0,0.8318174,1,-1
227,-1,347.0,321.0,23.0,27.0,0.81652105,1,-1
227,-1,351.0,275.0,12.0,17.0,0.7598542,1,-1
227,-1,389.0,221.0,11.0,11.0,0.72048825,1,-1
227,-1,354.0,278.0,13.0,15.0,0.5494725,1,-1
228,-1,478.0,270.0,26.0,30.0,0.9887494,1,-1
228,-1,400.0,221.0,10.0,11.0,0.758609,1,-1
228,-1,374.0,248.0,12.0,15.0,0.6458017,1,-1
229,-1,487.0,267.0,29.0,33.0,0.9736849,1,-1
229,-1,371.0,272.0,13.0,18.0,0.82928956,1,-1
229,-1,367.0,320.0,24.0,23.0,0.8245687,1,-1
229,-1,374.0,273.0,13.0,17.0,0.795752,1,-1
229,-1,380.0,247.0,15.0,15.0,0.7361667,1,-1
229,-1,411.0,220.0,11.0,13.0,0.7068821,1,-1
229,-1,356.0,257.0,14.0,17.0,0.63956416,1,-1
230,-1,415.0,220.0,11.0,12.0,0.8451426,1,-1
230,-1,490.0,268.0,27.0,32.0,0.6967746,1,-1
231,-1,488.0,268.0,30.0,34.0,0.9686395,1,-1
231,-1,416.0,220.0,11.0,12.0,0.83937955,1,-1
232,-1,489.0,267.0,28.0,34.0,0.9273633,1,-1
232,-1,415.0,220.0,11.0,12.0,0.79114574,1,-1
233,-1,415.0,220.0,11.0,12.0,0.9184576,1,-1
233,-1,489.0,267.0,28.0,33.0,0.7738662,1,-1
233,-1,386.0,248.0,13.0,15.0,0.5262419,1,-1
234,-1,416.0,220.0,11.0,12.0,0.9276236,1,-1
234,-1,488.0,267.0,29.0,33.0,0.5984866,1,-1
235,-1,416.0,221.0,11.0,12.0,0.904727,1,-1
235,-1,488.0,266.0,29.0,33.0,0.62382627,1,-1
235,-1,386.0,249.0,13.0,15.0,0.6152366,1,-1
235,-1,374.0,275.0,13.0,16.0,0.5952776,1,-1
236,-1,416.0,221.0,10.0,12.0,0.9107392,1,-1
236,-1,487.0,266.0,29.0,33.0,0.69280744,1,-1
236,-1,384.0,251.0,15.0,13.0,0.68392324,1,-1
236,-1,374.0,275.0,13.0,17.0,0.50634354,1,-1
237,-1,416.0,222.0,10.0,11.0,0.8988462,1,-1
237,-1,387.0,250.0,13.0,15.0,0.7894234,1,-1
237,-1,374.0,275.0,13.0,17.0,0.74880207,1,-1
237,-1,486.0,265.0,31.0,37.0,0.5932159,1,-1
238,-1,375.0,276.0,12.0,16.0,0.82642853,1,-1
238,-1,387.0,251.0,12.0,14.0,0.68036246,1,-1
238,-1,487.0,265.0,30.0,39.0,0.66611534,1,-1
238,-1,416.0,223.0,10.0,11.0,0.54661673,1,-1
239,-1,489.0,266.0,28.0,33.0,0.9167518,1,-1
239,-1,375.0,275.0,12.0,17.0,0.69846606,1,-1
239,-1,385.0,253.0,14.0,13.0,0.5916706,1,-1
240,-1,489.0,265.0,28.0,34.0,0.7145087,1,-1
240,-1,375.0,276.0,12.0,17.0,0.7142123,1,-1
241,-1,489.0,265.0,27.0,33.0,0.862665,1,-1
241,-1,376.0,277.0,12.0,16.0,0.67495936,1,-1
241,-1,387.0,253.0,12.0,14.0,0.6385772,1,-1
242,-1,490.0,265.0,27.0,33.0,0.8949507,1,-1
242,-1,387.0,253.0,12.0,14.0,0.78629917,1,-1
242,-1,377.0,277.0,12.0,16.0,0.6925578,1,-1
242,-1,390.0,252.0,13.0,14.0,0.50352967,1,-1
243,-1,388.0,254.0,13.0,14.0,0.8059213,1,-1
243,-1,491.0,264.0,26.0,32.0,0.7173689,1,-1
243,-1,384.0,254.0,14.0,14.0,0.7065417,1,-1
243,-1,390.0,253.0,14.0,13.0,0.6007801,1,-1
243,-1,377.0,277.0,12.0,16.0,0.5904119,1,-1
244,-1,495.0,264.0,24.0,31.0,0.97770363,1,-1
244,-1,393.0,253.0,15.0,13.0,0.9313767,1,-1
244,-1,390.0,254.0,14.0,14.0,0.89066356,1,-1
244,-1,369.0,254.0,13.0,13.0,0.7526431,1,-1
244,-1,423.0,224.0,11.0,11.0,0.648518,1,-1
244,-1,384.0,254.0,15.0,13.0,0.54459727,1,-1
244,-1,404.0,185.0,8.0,10.0,0.52916753,1,-1
244,-1,382.0,278.0,12.0,16.0,0.5147909,1,-1
245,-1,501.0,266.0,24.0,33.0,0.8443637,1,-1
245,-1,399.0,253.0,13.0,13.0,0.81787056,1,-1
245,-1,428.0,224.0,11.0,11.0,0.80244327,1,-1
245,-1,387.0,277.0,12.0,16.0,0.58079755,1,-1
246,-1,510.0,263.0,25.0,30.0,0.9693484,1,-1
246,-1,410.0,252.0,14.0,13.0,0.71151817,1,-1
246,-1,386.0,250.0,13.0,14.0,0.6771219,1,-1
246,-1,407.0,253.0,13.0,14.0,0.6289733,1,-1
246,-1,396.0,276.0,12.0,15.0,0.5566315,1,-1
247,-1,519.0,264.0,26.0,30.0,0.9923915,1,-1
247,-1,419.0,251.0,13.0,15.0,0.85867167,1,-1
247,-1,408.0,276.0,13.0,17.0,0.7892505,1,-1
247,-1,422.0,252.0,13.0,14.0,0.51204056,1,-1
248,-1,523.0,263.0,26.0,32.0,0.99234104,1,-1
248,-1,424.0,251.0,15.0,13.0,0.8440164,1,-1
248,-1,422.0,251.0,13.0,14.0,0.7603227,1,-1
248,-1,455.0,222.0,10.0,12.0,0.7335213,1,-1
248,-1,456.0,224.0,11.0,13.0,0.54502374,1,-1
249,-1,523.0,263.0,26.0,31.0,0.9931311,1,-1
249,-1,426.0,251.0,14.0,13.0,0.6114653,1,-1
250,-1,524.0,262.0,25.0,33.0,0.9898846,1,-1
250,-1,425.0,252.0,14.0,13.0,0.6286686,1,-1
250,-1,455.0,224.0,10.0,11.0,0.52156603,1,-1
251,-1,522.0,262.0,27.0,32.0,0.9951321,1,-1
251,-1,424.0,252.0,15.0,13.0,0.8264546,1,-1
251,-1,421.0,253.0,14.0,14.0,0.77460825,1,-1
251,-1,457.0,226.0,11.0,12.0,0.621787,1,-1
251,-1,456.0,225.0,11.0,11.0,0.5651655,1,-1
251,-1,410.0,277.0,12.0,17.0,0.5101196,1,-1
252,-1,522.0,261.0,26.0,32.0,0.99641466,1,-1
252,-1,424.0,252.0,14.0,13.0,0.71245044,1,-1
252,-1,421.0,254.0,13.0,14.0,0.69797605,1,-1
252,-1,457.0,226.0,11.0,12.0,0.6288829,1,-1
252,-1,456.0,225.0,10.0,11.0,0.59401536,1,-1
252,-1,400.0,246.0,13.0,15.0,0.52052873,1,-1
253,-1,522.0,261.0,27.0,32.0,0.9980932,1,-1
253,-1,422.0,254.0,14.0,14.0,0.85174125,1,-1
253,-1,424.0,253.0,15.0,13.0,0.8307884,1,-1
253,-1,411.0,278.0,12.0,16.0,0.63919115,1,-1
253,-1,457.0,226.0,11.0,13.0,0.5826416,1,-1
254,-1,522.0,260.0,26.0,31.0,0.9972818,1,-1
254,-1,421.0,254.0,14.0,14.0,0.85169995,1,-1
254,-1,424.0,253.0,14.0,13.0,0.7914817,1,-1
254,-1,456.0,226.0,12.0,13.0,0.65688586,1,-1
254,-1,410.0,279.0,12.0,16.0,0.6123199,1,-1
255,-1,522.0,260.0,26.0,31.0,0.99635893,1,-1
255,-1,422.0,255.0,13.0,13.0,0.7699737,1,-1
255,-1,456.0,226.0,11.0,11.0,0.6416084,1,-1
255,-1,425.0,253.0,14.0,13.0,0.5758381,1,-1
255,-1,410.0,280.0,12.0,16.0,0.53283805,1,-1
256,-1,522.0,260.0,25.0,30.0,0.9944331,1,-1
256,-1,421.0,255.0,13.0,13.0,0.7927526,1,-1
256,-1,456.0,226.0,10.0,11.0,0.71014315,1,-1
256,-1,424.0,253.0,14.0,13.0,0.59610087,1,-1
256,-1,400.0,244.0,13.0,15.0,0.54366285,1,-1
257,-1,521.0,260.0,25.0,31.0,0.9952585,1,-1
257,-1,421.0,255.0,14.0,13.0,0.79668117,1,-1
257,-1,456.0,226.0,11.0,11.0,0.7430488,1,-1
257,-1,402.0,245.0,12.0,14.0,0.62441814,1,-1
257,-1,424.0,253.0,14.0,13.0,0.5657309,1,-1
258,-1,521.0,260.0,25.0,30.0,0.9961158,1,-1
258,-1,421.0,255.0,14.0,13.0,0.8236163,1,-1
258,-1,402.0,244.0,12.0,14.0,0.6783442,1,-1
258,-1,456.0,226.0,11.0,11.0,0.6608884,1,-1
258,-1,412.0,280.0,11.0,16.0,0.6290536,1,-1
258,-1,424.0,254.0,15.0,13.0,0.5411011,1,-1
259,-1,521.0,259.0,24.0,30.0,0.9880574,1,-1
259,-1,422.0,256.0,14.0,13.0,0.85298616,1,-1
259,-1,412.0,280.0,11.0,15.0,0.7615787,1,-1
259,-1,403.0,244.0,12.0,14.0,0.6645539,1,-1
259,-1,457.0,227.0,11.0,12.0,0.6257206,1,-1
259,-1,421.0,259.0,14.0,14.0,0.5806744,1,-1
260,-1,522.0,259.0,25.0,30.0,0.9943984,1,-1
260,-1,403.0,244.0,12.0,15.0,0.6401254,1,-1
260,-1,425.0,256.0,11.0,13.0,0.59628904,1,-1
261,-1,530.0,259.0,23.0,29.0,0.9820619,1,-1
261,-1,421.0,279.0,14.0,15.0,0.94888055,1,-1
261,-1,436.0,256.0,12.0,14.0,0.8856185,1,-1
261,-1,415.0,244.0,12.0,14.0,0.82586604,1,-1
261,-1,464.0,228.0,11.0,12.0,0.74912584,1,-1
261,-1,425.0,280.0,12.0,15.0,0.5507853,1,-1
262,-1,480.0,227.0,11.0,11.0,0.8870755,1,-1
262,-1,546.0,259.0,22.0,31.0,0.8854754,1,-1
262,-1,451.0,256.0,13.0,13.0,0.66212445,1,-1
262,-1,437.0,279.0,13.0,16.0,0.55267316,1,-1
263,-1,562.0,259.0,23.0,32.0,0.9520289,1,-1
263,-1,454.0,278.0,13.0,16.0,0.82032937,1,-1
263,-1,469.0,255.0,12.0,13.0,0.7898215,1,-1
263,-1,497.0,227.0,11.0,11.0,0.7677859,1,-1
263,-1,465.0,254.0,12.0,13.0,0.66752726,1,-1
264,-1,574.0,259.0,24.0,32.0,0.9869969,1,-1
264,-1,510.0,228.0,10.0,11.0,0.8889788,1,-1
264,-1,477.0,256.0,12.0,13.0,0.6591894,1,-1
264,-1,508.0,231.0,11.0,11.0,0.55781,1,-1
265,-1,578.0,260.0,21.0,31.0,0.70056015,1,-1
265,-1,463.0,240.0,11.0,12.0,0.57513416,1,-1
265,-1,470.0,279.0,13.0,16.0,0.5599934,1,-1
265,-1,512.0,229.0,11.0,11.0,0.5408607,1,-1
266,-1,485.0,257.0,11.0,12.0,0.65168893,1,-1
266,-1,470.0,279.0,13.0,16.0,0.5906002,1,-1
266,-1,512.0,228.0,11.0,11.0,0.509226,1,-1
267,-1,485.0,257.0,12.0,13.0,0.6796949,1,-1
267,-1,483.0,260.0,13.0,13.0,0.61067075,1,-1
267,-1,470.0,280.0,13.0,16.0,0.5884506,1,-1
267,-1,578.0,259.0,21.0,31.0,0.5424839,1,-1
268,-1,484.0,260.0,12.0,13.0,0.7614516,1,-1
268,-1,486.0,258.0,12.0,13.0,0.74051785,1,-1
268,-1,470.0,280.0,13.0,16.0,0.6817789,1,-1
268,-1,512.0,229.0,11.0,11.0,0.56404406,1,-1
269,-1,483.0,259.0,12.0,14.0,0.81906945,1,-1
269,-1,470.0,280.0,13.0,16.0,0.79298276,1,-1
269,-1,486.0,258.0,12.0,14.0,0.73176986,1,-1
269,-1,512.0,229.0,11.0,12.0,0.5967381,1,-1
269,-1,480.0,262.0,14.0,12.0,0.5360419,1,-1
269,-1,513.0,233.0,11.0,11.0,0.53573936,1,-1
270,-1,483.0,259.0,13.0,14.0,0.7959534,1,-1
270,-1,469.0,281.0,13.0,16.0,0.78496695,1,-1
270,-1,576.0,257.0,23.0,33.0,0.6464069,1,-1
270,-1,511.0,230.0,11.0,12.0,0.62392884,1,-1
270,-1,478.0,259.0,12.0,14.0,0.6005515,1,-1
270,-1,513.0,233.0,11.0,11.0,0.59398574,1,-1
270,-1,480.0,262.0,14.0,13.0,0.588154,1,-1
270,-1,510.0,233.0,11.0,11.0,0.5080676,1,-1
271,-1,575.0,257.0,23.0,33.0,0.8100595,1,-1
271,-1,483.0,259.0,13.0,14.0,0.8010653,1,-1
271,-1,510.0,230.0,11.0,12.0,0.67885566,1,-1
271,-1,470.0,281.0,14.0,17.0,0.64728165,1,-1
271,-1,513.0,233.0,11.0,11.0,0.6257068,1,-1
271,-1,509.0,233.0,11.0,11.0,0.62499106,1,-1
271,-1,480.0,262.0,14.0,13.0,0.5694211,1,-1
272,-1,484.0,259.0,13.0,14.0,0.80302614,1,-1
272,-1,468.0,281.0,13.0,18.0,0.79399073,1,-1
272,-1,575.0,257.0,23.0,33.0,0.7338,1,-1
272,-1,511.0,230.0,11.0,12.0,0.685625,1,-1
272,-1,513.0,233.0,11.0,11.0,0.622231,1,-1
273,-1,468.0,282.0,14.0,17.0,0.8817364,1,-1
273,-1,505.0,192.0,9.0,10.0,0.8036627,1,-1
273,-1,575.0,256.0,22.0,33.0,0.7701705,1,-1
273,-1,484.0,259.0,13.0,14.0,0.76275164,1,-1
273,-1,502.0,189.0,9.0,11.0,0.7170702,1,-1
273,-1,508.0,193.0,9.0,11.0,0.67555857,1,-1
273,-1,513.0,233.0,11.0,11.0,0.66509366,1,-1
273,-1,511.0,232.0,11.0,11.0,0.62484413,1,-1
274,-1,468.0,282.0,14.0,16.0,0.91594577,1,-1
274,-1,504.0,192.0,9.0,10.0,0.8235307,1,-1
274,-1,484.0,260.0,13.0,14.0,0.77185416,1,-1
274,-1,514.0,233.0,11.0,11.0,0.7142812,1,-1
274,-1,507.0,193.0,9.0,11.0,0.69278246,1,-1
274,-1,502.0,191.0,9.0,10.0,0.6891712,1,-1
274,-1,505.0,196.0,9.0,9.0,0.50441563,1,-1
274,-1,574.0,256.0,22.0,33.0,0.5035445,1,-1
275,-1,469.0,283.0,13.0,16.0,0.8742695,1,-1
275,-1,484.0,261.0,12.0,14.0,0.7461238,1,-1
275,-1,516.0,233.0,10.0,11.0,0.7123058,1,-1
275,-1,481.0,263.0,14.0,12.0,0.6943913,1,-1
275,-1,576.0,258.0,21.0,28.0,0.59714055,1,-1
275,-1,511.0,233.0,11.0,11.0,0.5498486,1,-1
275,-1,478.0,261.0,14.0,14.0,0.5477,1,-1
276,-1,469.0,282.0,14.0,17.0,0.95378804,1,-1
276,-1,484.0,260.0,14.0,14.0,0.8332946,1,-1
276,-1,578.0,258.0,21.0,28.0,0.75476,1,-1
276,-1,516.0,233.0,10.0,11.0,0.5235331,1,-1
277,-1,491.0,260.0,13.0,15.0,0.84026986,1,-1
277,-1,480.0,284.0,12.0,15.0,0.742849,1,-1
277,-1,522.0,233.0,10.0,11.0,0.7372944,1,-1
277,-1,525.0,234.0,11.0,11.0,0.7172103,1,-1
277,-1,524.0,230.0,10.0,11.0,0.62689376,1,-1
277,-1,522.0,236.0,11.0,12.0,0.5559281,1,-1
277,-1,583.0,257.0,22.0,32.0,0.5435127,1,-1
278,-1,503.0,261.0,15.0,15.0,0.9297106,1,-1
278,-1,596.0,257.0,21.0,28.0,0.79577124,1,-1
278,-1,501.0,264.0,15.0,12.0,0.7943692,1,-1
278,-1,489.0,283.0,13.0,16.0,0.78622484,1,-1
278,-1,536.0,235.0,10.0,11.0,0.73836184,1,-1
278,-1,538.0,236.0,12.0,11.0,0.5327839,1,-1
278,-1,537.0,237.0,11.0,12.0,0.51651657,1,-1
279,-1,505.0,283.0,13.0,16.0,0.86047333,1,-1
279,-1,520.0,263.0,12.0,13.0,0.827398,1,-1
279,-1,516.0,265.0,13.0,12.0,0.8202434,1,-1
279,-1,508.0,283.0,11.0,15.0,0.68542314,1,-1
279,-1,522.0,261.0,11.0,13.0,0.67678195,1,-1
279,-1,551.0,234.0,11.0,12.0,0.6267697,1,-1
280,-1,515.0,284.0,14.0,16.0,0.934292,1,-1
280,-1,525.0,263.0,16.0,13.0,0.8033686,1,-1
280,-1,521.0,285.0,15.0,15.0,0.73906547,1,-1
280,-1,555.0,195.0,9.0,11.0,0.70509785,1,-1
280,-1,563.0,235.0,10.0,12.0,0.647294,1,-1
280,-1,560.0,235.0,11.0,11.0,0.6277626,1,-1
280,-1,554.0,199.0,9.0,10.0,0.6150277,1,-1
280,-1,556.0,200.0,9.0,11.0,0.5979519,1,-1
280,-1,621.0,259.0,22.0,32.0,0.57509524,1,-1
280,-1,531.0,261.0,14.0,14.0,0.54712427,1,-1
280,-1,560.0,201.0,9.0,10.0,0.50896335,1,-1
281,-1,517.0,284.0,14.0,15.0,0.87892044,1,-1
281,-1,520.0,286.0,14.0,15.0,0.85977983,1,-1
281,-1,535.0,264.0,13.0,13.0,0.62705135,1,-1
281,-1,565.0,235.0,11.0,12.0,0.6163222,1,-1
281,-1,623.0,258.0,22.0,37.0,0.59600025,1,-1
281,-1,561.0,236.0,12.0,11.0,0.58370036,1,-1
281,-1,530.0,266.0,15.0,11.0,0.556195,1,-1
281,-1,525.0,285.0,14.0,15.0,0.54162556,1,-1
282,-1,520.0,286.0,14.0,15.0,0.8933924,1,-1
282,-1,518.0,284.0,14.0,15.0,0.8509608,1,-1
282,-1,623.0,257.0,21.0,36.0,0.77676,1,-1
282,-1,535.0,264.0,13.0,13.0,0.6722858,1,-1
282,-1,565.0,236.0,11.0,13.0,0.66535455,1,-1
282,-1,525.0,285.0,13.0,14.0,0.5935222,1,-1
282,-1,562.0,236.0,12.0,11.0,0.5873128,1,-1
282,-1,531.0,266.0,15.0,11.0,0.53078413,1,-1
283,-1,520.0,286.0,14.0,15.0,0.8695485,1,-1
283,-1,517.0,284.0,14.0,15.0,0.83309793,1,-1
283,-1,565.0,236.0,11.0,13.0,0.7498082,1,-1
283,-1,535.0,264.0,13.0,13.0,0.6943553,1,-1
283,-1,562.0,236.0,12.0,11.0,0.65044284,1,-1
283,-1,530.0,266.0,15.0,11.0,0.58695734,1,-1
283,-1,567.0,237.0,11.0,15.0,0.5817431,1,-1
283,-1,525.0,285.0,14.0,14.0,0.5408022,1,-1
284,-1,520.0,286.0,15.0,15.0,0.8032033,1,-1
284,-1,517.0,285.0,14.0,16.0,0.7674634,1,-1
284,-1,565.0,236.0,11.0,13.0,0.73801106,1,-1
284,-1,534.0,265.0,13.0,13.0,0.7117025,1,-1
284,-1,530.0,267.0,15.0,12.0,0.6997503,1,-1
284,-1,562.0,236.0,12.0,11.0,0.61185664,1,-1
284,-1,623.0,257.0,21.0,32.0,0.6095008,1,-1
284,-1,567.0,237.0,11.0,14.0,0.6013068,1,-1
285,-1,519.0,286.0,15.0,15.0,0.81292623,1,-1
285,-1,535.0,265.0,13.0,14.0,0.7994379,1,-1
285,-1,531.0,267.0,15.0,12.0,0.7229555,1,-1
285,-1,623.0,257.0,21.0,33.0,0.57955307,1,-1
285,-1,565.0,236.0,11.0,13.0,0.57002103,1,-1
286,-1,519.0,286.0,15.0,16.0,0.8772562,1,-1
286,-1,535.0,265.0,14.0,14.0,0.8516329,1,-1
286,-1,531.0,267.0,15.0,12.0,0.79865295,1,-1
286,-1,523.0,285.0,14.0,15.0,0.58022565,1,-1
286,-1,565.0,236.0,11.0,13.0,0.53378934,1,-1
287,-1,518.0,286.0,15.0,16.0,0.8441747,1,-1
287,-1,534.0,265.0,14.0,14.0,0.83790356,1,-1
287,-1,565.0,237.0,11.0,13.0,0.53365374,1,-1
287,-1,522.0,285.0,15.0,15.0,0.5082278,1,-1
288,-1,534.0,266.0,13.0,14.0,0.63627505,1,-1
289,-1,535.0,266.0,13.0,13.0,0.65448725,1,-1
290,-1,534.0,266.0,14.0,14.0,0.8551605,1,-1
290,-1,520.0,287.0,15.0,16.0,0.6247457,1,-1
291,-1,533.0,266.0,14.0,13.0,0.7791808,1,-1
292,-1,534.0,266.0,14.0,14.0,0.7806035,1,-1
293,-1,618.0,253.0,22.0,31.0,0.8530546,1,-1
293,-1,534.0,267.0,14.0,14.0,0.7150349,1,-1
293,-1,530.0,268.0,15.0,12.0,0.5004099,1,-1
294,-1,617.0,253.0,22.0,31.0,0.7852224,1,-1
294,-1,532.0,268.0,14.0,13.0,0.5141567,1,-1
295,-1,618.0,254.0,22.0,29.0,0.76542664,1,-1
295,-1,532.0,268.0,14.0,14.0,0.6267098,1,-1
296,-1,533.0,268.0,13.0,13.0,0.6452865,1,-1
296,-1,618.0,254.0,21.0,28.0,0.64130276,1,-1
297,-1,533.0,269.0,13.0,13.0,0.7490388,1,-1
298,-1,617.0,252.0,21.0,29.0,0.8653293,1,-1
298,-1,534.0,270.0,12.0,13.0,0.74397194,1,-1
298,-1,536.0,269.0,13.0,12.0,0.5764645,1,-1
299,-1,617.0,252.0,21.0,30.0,0.8880833,1,-1
299,-1,534.0,270.0,13.0,13.0,0.71934104,1,-1
299,-1,536.0,269.0,14.0,12.0,0.5181937,1,-1
300,-1,617.0,251.0,20.0,30.0,0.8970708,1,-1
300,-1,534.0,271.0,12.0,13.0,0.79328036,1,-1
300,-1,537.0,269.0,13.0,12.0,0.5082577,1,-1
301,-1,535.0,271.0,13.0,13.0,0.81909394,1,-1
301,-1,617.0,251.0,20.0,30.0,0.7891502,1,-1
302,-1,534.0,272.0,13.0,13.0,0.78592837,1,-1
302,-1,616.0,250.0,21.0,31.0,0.7762022,1,-1
303,-1,615.0,248.0,23.0,32.0,0.81467277,1,-1
303,-1,535.0,272.0,12.0,13.0,0.66147286,1,-1
304,-1,615.0,249.0,22.0,31.0,0.79609233,1,-1
304,-1,534.0,273.0,12.0,13.0,0.5348056,1,-1
305,-1,614.0,248.0,22.0,32.0,0.7848762,1,-1
305,-1,532.0,274.0,13.0,15.0,0.73719543,1,-1
305,-1,534.0,273.0,12.0,13.0,0.68078995,1,-1
305,-1,549.0,209.0,10.0,12.0,0.60949373,1,-1
305,-1,554.0,209.0,9.0,12.0,0.57510614,1,-1
306,-1,533.0,274.0,13.0,15.0,0.7901067,1,-1
306,-1,614.0,248.0,22.0,33.0,0.54078263,1,-1
306,-1,555.0,208.0,9.0,11.0,0.51644844,1,-1
307,-1,614.0,249.0,22.0,30.0,0.74307317,1,-1
307,-1,532.0,274.0,13.0,15.0,0.73636734,1,-1
308,-1,533.0,275.0,13.0,14.0,0.77502245,1,-1
308,-1,613.0,248.0,22.0,30.0,0.58091897,1,-1
309,-1,532.0,275.0,13.0,14.0,0.7361191,1,-1
309,-1,518.0,294.0,14.0,17.0,0.66587454,1,-1
309,-1,536.0,275.0,12.0,13.0,0.60340905,1,-1
310,-1,613.0,248.0,23.0,31.0,0.56341136,1,-1
310,-1,533.0,275.0,15.0,15.0,0.5633296,1,-1
310,-1,567.0,243.0,11.0,13.0,0.53248113,1,-1
311,-1,535.0,276.0,14.0,15.0,0.7638501,1,-1
311,-1,564.0,204.0,10.0,10.0,0.70862997,1,-1
311,-1,566.0,206.0,10.0,10.0,0.6779091,1,-1
311,-1,521.0,294.0,15.0,18.0,0.6587218,1,-1
312,-1,547.0,276.0,14.0,15.0,0.5957085,1,-1
312,-1,535.0,296.0,15.0,17.0,0.509111,1,-1
313,-1,553.0,297.0,14.0,16.0,0.8549203,1,-1
313,-1,564.0,277.0,14.0,15.0,0.80509216,1,-1
313,-1,560.0,280.0,16.0,13.0,0.7428041,1,-1
313,-1,549.0,296.0,14.0,15.0,0.62707514,1,-1
313,-1,556.0,298.0,14.0,15.0,0.52832377,1,-1
313,-1,645.0,251.0,21.0,28.0,0.5184538,1,-1
313,-1,556.0,282.0,15.0,15.0,0.5177286,1,-1
314,-1,567.0,297.0,14.0,17.0,0.86804545,1,-1
314,-1,583.0,279.0,13.0,13.0,0.81598663,1,-1
314,-1,611.0,205.0,10.0,11.0,0.75058544,1,-1
314,-1,614.0,250.0,10.0,13.0,0.6720123,1,-1
314,-1,599.0,218.0,9.0,11.0,0.63240963,1,-1
314,-1,608.0,206.0,10.0,11.0,0.63012975,1,-1
314,-1,587.0,277.0,12.0,13.0,0.6110277,1,-1
314,-1,615.0,252.0,11.0,15.0,0.59234864,1,-1
314,-1,616.0,223.0,10.0,11.0,0.5738626,1,-1
314,-1,607.0,209.0,10.0,12.0,0.5566628,1,-1
314,-1,601.0,219.0,10.0,12.0,0.5322914,1,-1
315,-1,587.0,280.0,14.0,14.0,0.8652207,1,-1
315,-1,613.0,220.0,10.0,10.0,0.80932206,1,-1
315,-1,611.0,222.0,10.0,10.0,0.79838854,1,-1
315,-1,574.0,298.0,13.0,16.0,0.6675547,1,-1
315,-1,675.0,254.0,20.0,30.0,0.64619035,1,-1
315,-1,619.0,253.0,10.0,13.0,0.5978795,1,-1
315,-1,624.0,220.0,11.0,10.0,0.55572176,1,-1
315,-1,627.0,223.0,10.0,10.0,0.5221372,1,-1
316,-1,577.0,298.0,14.0,15.0,0.9296582,1,-1
316,-1,587.0,282.0,13.0,14.0,0.88267094,1,-1
316,-1,612.0,221.0,10.0,11.0,0.8104029,1,-1
316,-1,591.0,282.0,13.0,12.0,0.80382496,1,-1
316,-1,595.0,279.0,12.0,15.0,0.7089618,1,-1
316,-1,589.0,300.0,13.0,15.0,0.6125748,1,-1
316,-1,616.0,221.0,9.0,11.0,0.5608846,1,-1
317,-1,577.0,298.0,14.0,15.0,0.91199595,1,-1
317,-1,587.0,283.0,13.0,13.0,0.79598236,1,-1
317,-1,613.0,222.0,10.0,10.0,0.7537726,1,-1
317,-1,592.0,282.0,13.0,12.0,0.7121127,1,-1
317,-1,589.0,301.0,13.0,15.0,0.6066357,1,-1
317,-1,595.0,279.0,12.0,14.0,0.60261667,1,-1
317,-1,616.0,222.0,9.0,11.0,0.546506,1,-1
318,-1,577.0,298.0,14.0,16.0,0.908421,1,-1
318,-1,588.0,283.0,13.0,13.0,0.8029012,1,-1
318,-1,592.0,282.0,13.0,12.0,0.77496976,1,-1
318,-1,595.0,279.0,12.0,15.0,0.7199509,1,-1
318,-1,613.0,222.0,9.0,10.0,0.63966036,1,-1
318,-1,588.0,300.0,13.0,15.0,0.551736,1,-1
318,-1,628.0,208.0,10.0,11.0,0.5077381,1,-1
319,-1,577.0,297.0,14.0,16.0,0.87968516,1,-1
319,-1,592.0,282.0,13.0,12.0,0.74533933,1,-1
319,-1,588.0,283.0,13.0,13.0,0.7422543,1,-1
319,-1,613.0,222.0,10.0,10.0,0.7043152,1,-1
319,-1,595.0,279.0,12.0,15.0,0.6487953,1,-1
319,-1,589.0,300.0,13.0,16.0,0.53266233,1,-1
320,-1,578.0,298.0,14.0,15.0,0.8698086,1,-1
320,-1,592.0,283.0,14.0,12.0,0.7886535,1,-1
320,-1,587.0,284.0,13.0,13.0,0.78811234,1,-1
320,-1,613.0,222.0,10.0,11.0,0.6810223,1,-1
320,-1,575.0,299.0,14.0,16.0,0.67587996,1,-1
320,-1,595.0,280.0,12.0,14.0,0.65068007,1,-1
320,-1,588.0,300.0,13.0,15.0,0.582115,1,-1
321,-1,579.0,298.0,14.0,16.0,0.76380616,1,-1
321,-1,591.0,284.0,14.0,12.0,0.73175156,1,-1
321,-1,588.0,284.0,13.0,14.0,0.70928967,1,-1
321,-1,595.0,280.0,12.0,14.0,0.62817353,1,-1
321,-1,613.0,222.0,9.0,11.0,0.59696084,1,-1
321,-1,588.0,300.0,13.0,15.0,0.57465494,1,-1
321,-1,615.0,222.0,9.0,11.0,0.52596587,1,-1
322,-1,578.0,297.0,14.0,16.0,0.772942,1,-1
322,-1,591.0,284.0,14.0,12.0,0.7035624,1,-1
322,-1,587.0,284.0,13.0,14.0,0.6850976,1,-1
322,-1,596.0,281.0,12.0,14.0,0.59209496,1,-1
322,-1,612.0,223.0,10.0,10.0,0.5590644,1,-1
322,-1,588.0,300.0,13.0,15.0,0.51910067,1,-1
322,-1,632.0,224.0,10.0,12.0,0.5164743,1,-1
323,-1,592.0,284.0,14.0,12.0,0.79254824,1,-1
323,-1,578.0,298.0,14.0,16.0,0.7555925,1,-1
323,-1,612.0,223.0,10.0,11.0,0.7332049,1,-1
323,-1,588.0,284.0,13.0,14.0,0.71639925,1,-1
323,-1,596.0,281.0,12.0,14.0,0.7085243,1,-1
323,-1,588.0,301.0,13.0,15.0,0.60241616,1,-1
323,-1,619.0,256.0,10.0,13.0,0.59788823,1,-1
323,-1,615.0,222.0,9.0,11.0,0.58395725,1,-1
323,-1,632.0,224.0,10.0,12.0,0.51196915,1,-1
324,-1,592.0,284.0,14.0,12.0,0.7859431,1,-1
324,-1,596.0,281.0,12.0,15.0,0.7317296,1,-1
324,-1,578.0,298.0,14.0,16.0,0.7143555,1,-1
324,-1,588.0,285.0,13.0,14.0,0.66767657,1,-1
324,-1,588.0,301.0,13.0,15.0,0.52316225,1,-1
324,-1,618.0,256.0,10.0,13.0,0.51521647,1,-1
325,-1,592.0,284.0,14.0,12.0,0.6324327,1,-1
325,-1,588.0,285.0,13.0,14.0,0.5717329,1,-1
325,-1,579.0,297.0,14.0,16.0,0.56307197,1,-1
325,-1,596.0,281.0,12.0,14.0,0.5366504,1,-1
326,-1,593.0,284.0,13.0,12.0,0.7281202,1,-1
326,-1,596.0,281.0,12.0,14.0,0.6738566,1,-1
326,-1,588.0,285.0,13.0,14.0,0.62526196,1,-1
326,-1,612.0,224.0,10.0,11.0,0.6238967,1,-1
326,-1,579.0,298.0,14.0,15.0,0.50612575,1,-1
328,-1,676.0,249.0,19.0,30.0,0.82003415,1,-1
329,-1,676.0,249.0,19.0,30.0,0.76744634,1,-1
329,-1,612.0,225.0,10.0,11.0,0.7481357,1,-1
329,-1,618.0,256.0,11.0,14.0,0.6526555,1,-1
329,-1,632.0,225.0,10.0,11.0,0.6302286,1,-1
330,-1,676.0,249.0,18.0,29.0,0.89590967,1,-1
330,-1,618.0,257.0,11.0,14.0,0.8403951,1,-1
330,-1,611.0,225.0,11.0,11.0,0.83483046,1,-1
330,-1,632.0,225.0,10.0,11.0,0.70337677,1,-1
331,-1,676.0,248.0,18.0,29.0,0.8954938,1,-1
331,-1,618.0,258.0,11.0,14.0,0.80484277,1,-1
331,-1,612.0,225.0,11.0,11.0,0.7322611,1,-1
331,-1,632.0,225.0,10.0,11.0,0.65791476,1,-1
331,-1,614.0,229.0,9.0,11.0,0.523854,1,-1
332,-1,618.0,258.0,11.0,14.0,0.7900403,1,-1
332,-1,611.0,228.0,11.0,12.0,0.7695326,1,-1
332,-1,676.0,248.0,18.0,28.0,0.7576341,1,-1
332,-1,632.0,226.0,10.0,11.0,0.6504719,1,-1
333,-1,611.0,229.0,10.0,11.0,0.72146225,1,-1
333,-1,632.0,226.0,11.0,12.0,0.696525,1,-1
333,-1,619.0,258.0,11.0,13.0,0.65961885,1,-1
333,-1,676.0,249.0,18.0,27.0,0.5397081,1,-1
334,-1,676.0,249.0,18.0,26.0,0.8054618,1,-1
334,-1,612.0,230.0,10.0,11.0,0.60883135,1,-1
334,-1,632.0,226.0,10.0,11.0,0.5474056,1,-1
334,-1,619.0,259.0,11.0,13.0,0.5468918,1,-1
335,-1,676.0,248.0,17.0,27.0,0.7837883,1,-1
335,-1,631.0,226.0,10.0,11.0,0.51225287,1,-1
336,-1,675.0,247.0,17.0,26.0,0.7182695,1,-1
337,-1,675.0,248.0,17.0,26.0,0.73777515,1,-1
339,-1,611.0,234.0,10.0,10.0,0.54998326,1,-1
340,-1,610.0,235.0,10.0,10.0,0.5381374,1,-1
341,-1,610.0,235.0,10.0,11.0,0.676597,1,-1
342,-1,610.0,236.0,10.0,11.0,0.7484518,1,-1
342,-1,612.0,235.0,10.0,11.0,0.54245543,1,-1
342,-1,608.0,237.0,11.0,12.0,0.52874434,1,-1
343,-1,611.0,236.0,10.0,11.0,0.78511107,1,-1
343,-1,612.0,235.0,10.0,11.0,0.6460977,1,-1
343,-1,609.0,238.0,11.0,12.0,0.5278988,1,-1
344,-1,611.0,237.0,10.0,11.0,0.8058609,1,-1
344,-1,613.0,235.0,10.0,11.0,0.677055,1,-1
344,-1,619.0,225.0,9.0,11.0,0.5684738,1,-1
345,-1,611.0,237.0,10.0,11.0,0.8127688,1,-1
345,-1,617.0,223.0,9.0,10.0,0.75180995,1,-1
345,-1,618.0,225.0,10.0,11.0,0.7371819,1,-1
345,-1,613.0,235.0,10.0,11.0,0.7089962,1,-1
346,-1,611.0,238.0,10.0,10.0,0.831333,1,-1
346,-1,613.0,235.0,10.0,11.0,0.70478195,1,-1
346,-1,617.0,223.0,9.0,10.0,0.6722024,1,-1
346,-1,619.0,225.0,9.0,11.0,0.6589788,1,-1
346,-1,609.0,239.0,10.0,11.0,0.53977233,1,-1
347,-1,611.0,238.0,10.0,10.0,0.80502176,1,-1
347,-1,617.0,223.0,9.0,10.0,0.7477598,1,-1
347,-1,613.0,235.0,10.0,11.0,0.6795286,1,-1
347,-1,618.0,226.0,10.0,11.0,0.6494839,1,-1
347,-1,609.0,239.0,10.0,11.0,0.5221804,1,-1
348,-1,611.0,238.0,10.0,10.0,0.79635036,1,-1
348,-1,613.0,235.0,10.0,11.0,0.6515416,1,-1
348,-1,617.0,223.0,9.0,10.0,0.56570727,1,-1
348,-1,618.0,226.0,10.0,11.0,0.53914624,1,-1
349,-1,611.0,238.0,10.0,10.0,0.6542177,1,-1
349,-1,617.0,223.0,9.0,10.0,0.5732493,1,-1
349,-1,613.0,235.0,10.0,11.0,0.5443519,1,-1
349,-1,619.0,225.0,9.0,11.0,0.5187271,1,-1
350,-1,611.0,238.0,10.0,10.0,0.6392512,1,-1
350,-1,617.0,224.0,9.0,10.0,0.5888289,1,-1
350,-1,671.0,244.0,17.0,25.0,0.5886592,1,-1
350,-1,619.0,226.0,10.0,11.0,0.5556849,1,-1
350,-1,613.0,236.0,10.0,11.0,0.5225896,1,-1
351,-1,617.0,223.0,9.0,10.0,0.7269815,1,-1
351,-1,671.0,244.0,17.0,25.0,0.72452116,1,-1
351,-1,618.0,225.0,10.0,11.0,0.6829011,1,-1
351,-1,611.0,239.0,10.0,10.0,0.65663034,1,-1
351,-1,613.0,235.0,10.0,11.0,0.5396192,1,-1
352,-1,618.0,224.0,9.0,10.0,0.66896784,1,-1
352,-1,619.0,226.0,9.0,11.0,0.63527226,1,-1
353,-1,618.0,225.0,9.0,10.0,0.72702736,1,-1
353,-1,619.0,226.0,9.0,11.0,0.68728954,1,-1
354,-1,618.0,226.0,9.0,10.0,0.74562657,1,-1
354,-1,619.0,227.0,9.0,11.0,0.7332616,1,-1
354,-1,593.0,292.0,14.0,16.0,0.6140485,1,-1
354,-1,670.0,242.0,18.0,26.0,0.5452298,1,-1
355,-1,617.0,226.0,9.0,10.0,0.7560111,1,-1
355,-1,619.0,227.0,10.0,10.0,0.7207968,1,-1
355,-1,593.0,293.0,14.0,16.0,0.6660174,1,-1
355,-1,669.0,243.0,18.0,22.0,0.5830435,1,-1
356,-1,594.0,292.0,14.0,16.0,0.61371064,1,-1
356,-1,618.0,226.0,9.0,9.0,0.5372282,1,-1
356,-1,619.0,227.0,9.0,10.0,0.5264453,1,-1
357,-1,594.0,292.0,14.0,16.0,0.56011957,1,-1
358,-1,618.0,226.0,9.0,9.0,0.54785514,1,-1
359,-1,594.0,293.0,14.0,16.0,0.5581072,1,-1
360,-1,592.0,294.0,14.0,14.0,0.6415653,1,-1
360,-1,631.0,241.0,11.0,12.0,0.5034052,1,-1
361,-1,592.0,295.0,14.0,14.0,0.6967492,1,-1
361,-1,618.0,269.0,11.0,14.0,0.689697,1,-1
361,-1,608.0,243.0,11.0,11.0,0.63782233,1,-1
361,-1,610.0,241.0,10.0,10.0,0.6042577,1,-1
361,-1,631.0,241.0,11.0,12.0,0.57184714,1,-1
362,-1,631.0,242.0,11.0,12.0,0.577991,1,-1
362,-1,594.0,294.0,14.0,15.0,0.5668379,1,-1
362,-1,619.0,268.0,11.0,14.0,0.54271585,1,-1
362,-1,668.0,240.0,17.0,20.0,0.5283342,1,-1
363,-1,631.0,242.0,11.0,11.0,0.5454724,1,-1
363,-1,608.0,244.0,11.0,11.0,0.5390235,1,-1
364,-1,631.0,243.0,11.0,11.0,0.7035675,1,-1
364,-1,619.0,269.0,11.0,14.0,0.6036713,1,-1
364,-1,608.0,244.0,10.0,11.0,0.5083775,1,-1
365,-1,631.0,243.0,11.0,12.0,0.79077697,1,-1
365,-1,668.0,239.0,18.0,20.0,0.62837577,1,-1
365,-1,619.0,270.0,11.0,14.0,0.59498096,1,-1
365,-1,608.0,244.0,10.0,11.0,0.5561498,1,-1
365,-1,629.0,246.0,11.0,11.0,0.55514467,1,-1
365,-1,629.0,242.0,11.0,11.0,0.50778115,1,-1
366,-1,631.0,243.0,11.0,11.0,0.7250403,1,-1
366,-1,668.0,238.0,17.0,20.0,0.69338477,1,-1
366,-1,595.0,294.0,13.0,16.0,0.54601616,1,-1
367,-1,667.0,238.0,17.0,21.0,0.9366278,1,-1
367,-1,631.0,244.0,11.0,12.0,0.7799547,1,-1
367,-1,629.0,246.0,11.0,11.0,0.5579258,1,-1
367,-1,629.0,243.0,11.0,11.0,0.54105395,1,-1
367,-1,608.0,244.0,10.0,11.0,0.5407163,1,-1
367,-1,610.0,239.0,10.0,10.0,0.50437206,1,-1
368,-1,668.0,238.0,16.0,20.0,0.79921067,1,-1
368,-1,631.0,243.0,11.0,12.0,0.6528858,1,-1
368,-1,613.0,236.0,11.0,10.0,0.64237934,1,-1
368,-1,611.0,238.0,10.0,9.0,0.51638764,1,-1
369,-1,668.0,238.0,17.0,20.0,0.76474607,1,-1
369,-1,631.0,244.0,11.0,12.0,0.7232182,1,-1
369,-1,611.0,239.0,10.0,9.0,0.60173035,1,-1
369,-1,702.0,275.0,16.0,13.0,0.57695717,1,-1
369,-1,629.0,243.0,10.0,11.0,0.56883425,1,-1
369,-1,613.0,236.0,11.0,9.0,0.53410536,1,-1
369,-1,595.0,296.0,13.0,16.0,0.5128107,1,-1
369,-1,629.0,247.0,11.0,11.0,0.5016729,1,-1
369,-1,609.0,243.0,10.0,11.0,0.50164855,1,-1
370,-1,668.0,237.0,17.0,21.0,0.7956413,1,-1
370,-1,631.0,244.0,11.0,12.0,0.7225817,1,-1
370,-1,611.0,238.0,10.0,10.0,0.6971866,1,-1
370,-1,613.0,236.0,11.0,10.0,0.6708679,1,-1
370,-1,595.0,296.0,13.0,16.0,0.5705014,1,-1
370,-1,631.0,249.0,11.0,12.0,0.5604,1,-1
370,-1,629.0,246.0,11.0,11.0,0.5479087,1,-1
370,-1,592.0,298.0,14.0,13.0,0.53139806,1,-1
371,-1,630.0,244.0,11.0,12.0,0.5927525,1,-1
371,-1,612.0,238.0,10.0,9.0,0.58953553,1,-1
371,-1,613.0,237.0,10.0,10.0,0.56575304,1,-1
371,-1,631.0,249.0,11.0,12.0,0.52297974,1,-1
371,-1,629.0,247.0,11.0,11.0,0.5017212,1,-1
372,-1,630.0,244.0,11.0,12.0,0.58430725,1,-1
372,-1,612.0,238.0,10.0,9.0,0.56426424,1,-1
372,-1,631.0,249.0,11.0,12.0,0.54676306,1,-1
372,-1,666.0,235.0,17.0,21.0,0.54070175,1,-1
372,-1,613.0,237.0,10.0,10.0,0.51586133,1,-1
