1,1,718.0,381.0,33.0,29.0,0.994011,-1,-1,-1
2,1,718.0,381.0,33.0,29.0,0.994011,-1,-1,-1
3,1,717.0,380.0,33.0,29.0,0.994011,-1,-1,-1
4,1,717.0,380.0,33.0,29.0,0.994011,-1,-1,-1
5,1,717.0,380.0,32.0,28.0,0.994011,-1,-1,-1
6,1,717.0,379.0,32.0,29.0,0.994011,-1,-1,-1
7,1,716.0,379.0,32.0,28.0,0.994011,-1,-1,-1
8,1,716.0,379.0,32.0,28.0,0.994011,-1,-1,-1
9,1,715.0,379.0,32.0,28.0,0.994011,-1,-1,-1
10,1,714.0,378.0,32.0,28.0,0.994011,-1,-1,-1
10,2,342.0,383.0,23.0,35.0,0.838093,-1,-1,-1
11,2,343.0,384.0,23.0,34.0,0.838093,-1,-1,-1
12,2,342.0,384.0,23.0,34.0,0.838093,-1,-1,-1
1,3,387.0,368.0,28.0,44.0,0.980942,-1,-1,-1
2,3,387.0,368.0,28.0,43.0,0.980942,-1,-1,-1
3,3,386.0,368.0,29.0,44.0,0.980942,-1,-1,-1
4,3,386.0,369.0,28.0,43.0,0.980942,-1,-1,-1
5,3,386.0,369.0,30.0,45.0,0.980942,-1,-1,-1
6,3,385.0,370.0,31.0,44.0,0.980942,-1,-1,-1
7,3,386.0,370.0,31.0,46.0,0.980942,-1,-1,-1
8,3,386.0,371.0,31.0,46.0,0.980942,-1,-1,-1
9,3,386.0,371.0,31.0,45.0,0.980942,-1,-1,-1
10,3,386.0,371.0,31.0,45.0,0.980942,-1,-1,-1
11,3,386.0,371.0,30.0,46.0,0.980942,-1,-1,-1
12,3,387.0,371.0,30.0,46.0,0.980942,-1,-1,-1
13,3,387.0,372.0,30.0,47.0,0.980942,-1,-1,-1
15,4,387.0,372.0,31.0,47.0,0.958853,-1,-1,-1
16,4,388.0,373.0,30.0,46.0,0.958853,-1,-1,-1
17,4,387.0,373.0,32.0,48.0,0.958853,-1,-1,-1
18,4,387.0,373.0,31.0,49.0,0.958853,-1,-1,-1
19,4,387.0,374.0,33.0,48.0,0.958853,-1,-1,-1
20,4,387.0,374.0,34.0,49.0,0.958853,-1,-1,-1
21,4,386.0,373.0,35.0,50.0,0.958853,-1,-1,-1
22,4,386.0,373.0,35.0,50.0,0.958853,-1,-1,-1
19,5,343.0,384.0,23.0,36.0,0.89045,-1,-1,-1
20,5,343.0,384.0,23.0,36.0,0.89045,-1,-1,-1
21,5,343.0,386.0,23.0,34.0,0.89045,-1,-1,-1
22,5,342.0,386.0,23.0,35.0,0.89045,-1,-1,-1
24,6,387.0,374.0,34.0,50.0,0.947751,-1,-1,-1
25,6,387.0,374.0,34.0,50.0,0.947751,-1,-1,-1
26,6,387.0,376.0,35.0,52.0,0.947751,-1,-1,-1
27,6,386.0,379.0,37.0,50.0,0.947751,-1,-1,-1
24,7,343.0,386.0,23.0,35.0,0.889995,-1,-1,-1
25,7,343.0,387.0,23.0,34.0,0.889995,-1,-1,-1
26,7,344.0,389.0,23.0,33.0,0.889995,-1,-1,-1
27,7,343.0,391.0,24.0,33.0,0.889995,-1,-1,-1
5,8,981.0,509.0,43.0,28.0,0.998914,-1,-1,-1
6,8,981.0,509.0,43.0,27.0,0.998914,-1,-1,-1
7,8,980.0,509.0,44.0,27.0,0.998914,-1,-1,-1
8,8,977.0,509.0,47.0,27.0,0.998914,-1,-1,-1
9,8,975.0,508.0,48.0,28.0,0.998914,-1,-1,-1
10,8,974.0,508.0,46.0,27.0,0.998914,-1,-1,-1
11,8,973.0,508.0,47.0,27.0,0.998914,-1,-1,-1
12,8,971.0,507.0,47.0,28.0,0.998914,-1,-1,-1
13,8,969.0,506.0,47.0,28.0,0.998914,-1,-1,-1
14,8,967.0,506.0,48.0,29.0,0.998914,-1,-1,-1
15,8,964.0,505.0,49.0,29.0,0.998914,-1,-1,-1
16,8,962.0,504.0,49.0,30.0,0.998914,-1,-1,-1
17,8,960.0,503.0,50.0,30.0,0.998914,-1,-1,-1
18,8,957.0,503.0,51.0,30.0,0.998914,-1,-1,-1
19,8,955.0,503.0,52.0,29.0,0.998914,-1,-1,-1
20,8,952.0,503.0,52.0,29.0,0.998914,-1,-1,-1
21,8,951.0,502.0,51.0,29.0,0.998914,-1,-1,-1
22,8,950.0,502.0,49.0,29.0,0.998914,-1,-1,-1
23,8,949.0,502.0,47.0,29.0,0.998914,-1,-1,-1
24,8,948.0,502.0,47.0,28.0,0.998914,-1,-1,-1
25,8,947.0,502.0,47.0,27.0,0.998914,-1,-1,-1
26,8,946.0,503.0,47.0,28.0,0.998914,-1,-1,-1
27,8,948.0,506.0,41.0,27.0,0.998914,-1,-1,-1
28,8,948.0,511.0,45.0,26.0,0.998914,-1,-1,-1
28,9,772.0,383.0,79.0,61.0,0.979715,-1,-1,-1
29,9,772.0,387.0,75.0,59.0,0.979715,-1,-1,-1
30,9,771.0,387.0,73.0,57.0,0.979715,-1,-1,-1
31,9,771.0,387.0,71.0,59.0,0.979715,-1,-1,-1
32,9,770.0,387.0,72.0,58.0,0.979715,-1,-1,-1
33,9,768.0,386.0,73.0,59.0,0.979715,-1,-1,-1
34,9,768.0,387.0,71.0,58.0,0.979715,-1,-1,-1
35,9,767.0,386.0,71.0,57.0,0.979715,-1,-1,-1
36,9,767.0,386.0,72.0,58.0,0.979715,-1,-1,-1
37,9,766.0,386.0,72.0,59.0,0.979715,-1,-1,-1
30,10,944.0,514.0,50.0,24.0,0.887966,-1,-1,-1
31,10,942.0,514.0,50.0,24.0,0.887966,-1,-1,-1
32,10,942.0,513.0,50.0,25.0,0.887966,-1,-1,-1
33,10,942.0,512.0,45.0,25.0,0.887966,-1,-1,-1
34,10,941.0,512.0,44.0,25.0,0.887966,-1,-1,-1
35,10,939.0,512.0,44.0,25.0,0.887966,-1,-1,-1
36,10,937.0,512.0,44.0,26.0,0.887966,-1,-1,-1
37,10,934.0,511.0,46.0,26.0,0.887966,-1,-1,-1
39,11,930.0,510.0,47.0,26.0,0.93179,-1,-1,-1
40,11,930.0,510.0,43.0,25.0,0.93179,-1,-1,-1
41,11,929.0,509.0,43.0,26.0,0.93179,-1,-1,-1
42,11,928.0,509.0,43.0,27.0,0.93179,-1,-1,-1
43,11,927.0,509.0,42.0,27.0,0.93179,-1,-1,-1
44,11,926.0,508.0,43.0,28.0,0.93179,-1,-1,-1
44,12,824.0,504.0,50.0,36.0,0.867009,-1,-1,-1
45,12,820.0,501.0,53.0,37.0,0.867009,-1,-1,-1
46,12,818.0,501.0,53.0,37.0,0.867009,-1,-1,-1
47,12,817.0,500.0,52.0,37.0,0.867009,-1,-1,-1
48,12,821.0,501.0,47.0,37.0,0.867009,-1,-1,-1
49,12,820.0,501.0,47.0,37.0,0.867009,-1,-1,-1
47,13,320.0,239.0,18.0,31.0,0.808137,-1,-1,-1
48,13,320.0,238.0,18.0,31.0,0.808137,-1,-1,-1
49,13,320.0,237.0,18.0,33.0,0.808137,-1,-1,-1
67,14,396.0,425.0,35.0,49.0,0.981811,-1,-1,-1
68,14,396.0,425.0,36.0,48.0,0.981811,-1,-1,-1
69,14,395.0,424.0,38.0,49.0,0.981811,-1,-1,-1
70,14,395.0,423.0,39.0,52.0,0.981811,-1,-1,-1
71,14,394.0,423.0,39.0,54.0,0.981811,-1,-1,-1
55,15,812.0,504.0,48.0,36.0,0.982833,-1,-1,-1
56,15,811.0,502.0,48.0,36.0,0.982833,-1,-1,-1
57,15,809.0,501.0,48.0,37.0,0.982833,-1,-1,-1
58,15,808.0,501.0,48.0,37.0,0.982833,-1,-1,-1
59,15,807.0,499.0,49.0,38.0,0.982833,-1,-1,-1
60,15,807.0,498.0,48.0,38.0,0.982833,-1,-1,-1
61,15,806.0,498.0,46.0,38.0,0.982833,-1,-1,-1
62,15,805.0,497.0,46.0,39.0,0.982833,-1,-1,-1
63,15,803.0,497.0,46.0,39.0,0.982833,-1,-1,-1
64,15,802.0,497.0,46.0,39.0,0.982833,-1,-1,-1
65,15,801.0,495.0,45.0,40.0,0.982833,-1,-1,-1
66,15,799.0,494.0,46.0,41.0,0.982833,-1,-1,-1
67,15,798.0,493.0,46.0,42.0,0.982833,-1,-1,-1
68,15,798.0,492.0,46.0,43.0,0.982833,-1,-1,-1
69,15,797.0,492.0,46.0,43.0,0.982833,-1,-1,-1
70,15,795.0,491.0,47.0,44.0,0.982833,-1,-1,-1
71,15,795.0,491.0,47.0,43.0,0.982833,-1,-1,-1
72,15,794.0,491.0,48.0,43.0,0.982833,-1,-1,-1
73,15,791.0,489.0,51.0,49.0,0.982833,-1,-1,-1
74,15,790.0,488.0,51.0,48.0,0.982833,-1,-1,-1
4,16,299.0,201.0,23.0,22.0,0.997923,-1,-1,-1
5,16,299.0,201.0,23.0,22.0,0.997923,-1,-1,-1
6,16,299.0,201.0,23.0,23.0,0.997923,-1,-1,-1
7,16,300.0,200.0,23.0,23.0,0.997923,-1,-1,-1
8,16,300.0,200.0,22.0,23.0,0.997923,-1,-1,-1
9,16,300.0,200.0,23.0,22.0,0.997923,-1,-1,-1
10,16,300.0,200.0,24.0,22.0,0.997923,-1,-1,-1
11,16,300.0,200.0,26.0,23.0,0.997923,-1,-1,-1
12,16,300.0,200.0,26.0,23.0,0.997923,-1,-1,-1
13,16,300.0,200.0,26.0,23.0,0.997923,-1,-1,-1
14,16,301.0,200.0,24.0,22.0,0.997923,-1,-1,-1
15,16,301.0,200.0,26.0,22.0,0.997923,-1,-1,-1
16,16,299.0,199.0,29.0,24.0,0.997923,-1,-1,-1
17,16,299.0,199.0,30.0,24.0,0.997923,-1,-1,-1
18,16,299.0,199.0,29.0,24.0,0.997923,-1,-1,-1
19,16,299.0,198.0,29.0,25.0,0.997923,-1,-1,-1
20,16,299.0,199.0,27.0,25.0,0.997923,-1,-1,-1
21,16,298.0,199.0,30.0,26.0,0.997923,-1,-1,-1
22,16,299.0,200.0,31.0,26.0,0.997923,-1,-1,-1
23,16,298.0,201.0,30.0,26.0,0.997923,-1,-1,-1
24,16,298.0,201.0,29.0,28.0,0.997923,-1,-1,-1
25,16,298.0,201.0,29.0,28.0,0.997923,-1,-1,-1
26,16,298.0,201.0,28.0,28.0,0.997923,-1,-1,-1
27,16,300.0,206.0,24.0,28.0,0.997923,-1,-1,-1
28,16,298.0,211.0,27.0,28.0,0.997923,-1,-1,-1
29,16,299.0,215.0,24.0,24.0,0.997923,-1,-1,-1
30,16,299.0,215.0,25.0,25.0,0.997923,-1,-1,-1
31,16,298.0,215.0,26.0,26.0,0.997923,-1,-1,-1
32,16,299.0,215.0,25.0,26.0,0.997923,-1,-1,-1
33,16,299.0,215.0,26.0,26.0,0.997923,-1,-1,-1
34,16,299.0,215.0,26.0,26.0,0.997923,-1,-1,-1
35,16,300.0,215.0,26.0,25.0,0.997923,-1,-1,-1
36,16,299.0,215.0,26.0,26.0,0.997923,-1,-1,-1
37,16,299.0,216.0,25.0,26.0,0.997923,-1,-1,-1
38,16,300.0,215.0,24.0,26.0,0.997923,-1,-1,-1
39,16,300.0,216.0,24.0,26.0,0.997923,-1,-1,-1
40,16,300.0,215.0,24.0,26.0,0.997923,-1,-1,-1
41,16,300.0,215.0,24.0,26.0,0.997923,-1,-1,-1
42,16,299.0,216.0,24.0,26.0,0.997923,-1,-1,-1
43,16,299.0,217.0,24.0,26.0,0.997923,-1,-1,-1
44,16,299.0,217.0,23.0,25.0,0.997923,-1,-1,-1
45,16,300.0,217.0,22.0,25.0,0.997923,-1,-1,-1
46,16,299.0,217.0,22.0,24.0,0.997923,-1,-1,-1
47,16,299.0,217.0,21.0,24.0,0.997923,-1,-1,-1
48,16,300.0,217.0,21.0,24.0,0.997923,-1,-1,-1
49,16,300.0,218.0,21.0,26.0,0.997923,-1,-1,-1
50,16,298.0,219.0,22.0,26.0,0.997923,-1,-1,-1
51,16,300.0,223.0,22.0,28.0,0.997923,-1,-1,-1
52,16,300.0,228.0,22.0,24.0,0.997923,-1,-1,-1
53,16,300.0,230.0,23.0,25.0,0.997923,-1,-1,-1
54,16,300.0,232.0,24.0,24.0,0.997923,-1,-1,-1
55,16,299.0,232.0,25.0,25.0,0.997923,-1,-1,-1
56,16,299.0,232.0,25.0,25.0,0.997923,-1,-1,-1
57,16,299.0,232.0,25.0,26.0,0.997923,-1,-1,-1
58,16,299.0,232.0,25.0,26.0,0.997923,-1,-1,-1
59,16,299.0,232.0,25.0,26.0,0.997923,-1,-1,-1
60,16,299.0,232.0,26.0,26.0,0.997923,-1,-1,-1
61,16,299.0,232.0,26.0,26.0,0.997923,-1,-1,-1
62,16,299.0,232.0,26.0,27.0,0.997923,-1,-1,-1
63,16,298.0,232.0,27.0,27.0,0.997923,-1,-1,-1
64,16,298.0,232.0,27.0,28.0,0.997923,-1,-1,-1
65,16,297.0,233.0,27.0,26.0,0.997923,-1,-1,-1
66,16,297.0,234.0,28.0,26.0,0.997923,-1,-1,-1
67,16,298.0,233.0,27.0,26.0,0.997923,-1,-1,-1
68,16,298.0,234.0,27.0,26.0,0.997923,-1,-1,-1
69,16,295.0,234.0,27.0,25.0,0.997923,-1,-1,-1
70,16,296.0,234.0,28.0,27.0,0.997923,-1,-1,-1
71,16,297.0,235.0,26.0,26.0,0.997923,-1,-1,-1
72,16,297.0,234.0,26.0,27.0,0.997923,-1,-1,-1
73,16,295.0,233.0,24.0,25.0,0.997923,-1,-1,-1
74,16,295.0,232.0,24.0,25.0,0.997923,-1,-1,-1
75,16,299.0,235.0,23.0,27.0,0.997923,-1,-1,-1
76,17,790.0,490.0,46.0,42.0,0.97533,-1,-1,-1
77,17,790.0,492.0,45.0,42.0,0.97533,-1,-1,-1
78,17,789.0,493.0,46.0,42.0,0.97533,-1,-1,-1
79,17,789.0,492.0,46.0,42.0,0.97533,-1,-1,-1
80,17,788.0,492.0,45.0,42.0,0.97533,-1,-1,-1
81,17,787.0,491.0,45.0,42.0,0.97533,-1,-1,-1
82,17,785.0,491.0,45.0,43.0,0.97533,-1,-1,-1
83,17,785.0,490.0,46.0,43.0,0.97533,-1,-1,-1
84,17,783.0,489.0,50.0,47.0,0.97533,-1,-1,-1
85,17,781.0,488.0,50.0,47.0,0.97533,-1,-1,-1
86,17,780.0,487.0,50.0,48.0,0.97533,-1,-1,-1
87,17,779.0,487.0,49.0,48.0,0.97533,-1,-1,-1
88,17,779.0,487.0,47.0,46.0,0.97533,-1,-1,-1
89,17,778.0,486.0,47.0,46.0,0.97533,-1,-1,-1
107,18,312.0,275.0,20.0,26.0,0.886687,-1,-1,-1
108,18,313.0,276.0,20.0,26.0,0.886687,-1,-1,-1
109,18,313.0,276.0,19.0,25.0,0.886687,-1,-1,-1
110,18,312.0,275.0,19.0,25.0,0.886687,-1,-1,-1
111,18,311.0,275.0,19.0,25.0,0.886687,-1,-1,-1
112,18,310.0,275.0,20.0,25.0,0.886687,-1,-1,-1
113,18,310.0,276.0,20.0,26.0,0.886687,-1,-1,-1
114,18,311.0,275.0,19.0,24.0,0.886687,-1,-1,-1
115,18,310.0,276.0,20.0,24.0,0.886687,-1,-1,-1
116,18,310.0,276.0,20.0,24.0,0.886687,-1,-1,-1
117,18,311.0,276.0,19.0,23.0,0.886687,-1,-1,-1
118,18,310.0,277.0,19.0,22.0,0.886687,-1,-1,-1
119,18,311.0,277.0,18.0,23.0,0.886687,-1,-1,-1
120,18,310.0,277.0,18.0,23.0,0.886687,-1,-1,-1
121,18,310.0,281.0,20.0,25.0,0.886687,-1,-1,-1
106,19,403.0,478.0,43.0,50.0,0.979731,-1,-1,-1
107,19,404.0,479.0,43.0,47.0,0.979731,-1,-1,-1
108,19,404.0,480.0,43.0,48.0,0.979731,-1,-1,-1
109,19,404.0,480.0,43.0,50.0,0.979731,-1,-1,-1
110,19,405.0,481.0,43.0,49.0,0.979731,-1,-1,-1
111,19,406.0,481.0,42.0,49.0,0.979731,-1,-1,-1
112,19,407.0,481.0,42.0,50.0,0.979731,-1,-1,-1
113,19,407.0,481.0,41.0,51.0,0.979731,-1,-1,-1
114,19,406.0,481.0,42.0,52.0,0.979731,-1,-1,-1
115,19,406.0,482.0,42.0,52.0,0.979731,-1,-1,-1
116,19,408.0,481.0,43.0,53.0,0.979731,-1,-1,-1
117,19,407.0,480.0,44.0,54.0,0.979731,-1,-1,-1
118,19,408.0,480.0,44.0,55.0,0.979731,-1,-1,-1
119,19,408.0,480.0,42.0,54.0,0.979731,-1,-1,-1
120,19,408.0,483.0,42.0,54.0,0.979731,-1,-1,-1
121,19,408.0,488.0,43.0,50.0,0.979731,-1,-1,-1
122,19,408.0,495.0,43.0,43.0,0.979731,-1,-1,-1
116,20,323.0,202.0,15.0,16.0,0.888418,-1,-1,-1
117,20,323.0,201.0,15.0,16.0,0.888418,-1,-1,-1
118,20,323.0,202.0,15.0,15.0,0.888418,-1,-1,-1
119,20,323.0,202.0,15.0,16.0,0.888418,-1,-1,-1
120,20,323.0,202.0,14.0,16.0,0.888418,-1,-1,-1
121,20,321.0,204.0,14.0,15.0,0.888418,-1,-1,-1
122,20,322.0,208.0,13.0,15.0,0.888418,-1,-1,-1
113,21,328.0,202.0,12.0,20.0,0.8088,-1,-1,-1
114,21,328.0,203.0,13.0,20.0,0.8088,-1,-1,-1
115,21,326.0,201.0,13.0,20.0,0.8088,-1,-1,-1
116,21,327.0,202.0,13.0,19.0,0.8088,-1,-1,-1
117,21,326.0,201.0,14.0,19.0,0.8088,-1,-1,-1
118,21,326.0,202.0,14.0,18.0,0.8088,-1,-1,-1
119,21,326.0,203.0,14.0,19.0,0.8088,-1,-1,-1
120,21,327.0,202.0,13.0,19.0,0.8088,-1,-1,-1
121,21,326.0,205.0,13.0,18.0,0.8088,-1,-1,-1
122,21,325.0,209.0,13.0,15.0,0.8088,-1,-1,-1
123,21,323.0,212.0,13.0,16.0,0.8088,-1,-1,-1
128,22,322.0,219.0,15.0,15.0,0.914223,-1,-1,-1
129,22,322.0,220.0,14.0,15.0,0.914223,-1,-1,-1
130,22,322.0,220.0,13.0,15.0,0.914223,-1,-1,-1
131,22,322.0,220.0,13.0,15.0,0.914223,-1,-1,-1
132,22,322.0,221.0,14.0,15.0,0.914223,-1,-1,-1
133,22,321.0,221.0,14.0,15.0,0.914223,-1,-1,-1
134,22,322.0,221.0,13.0,15.0,0.914223,-1,-1,-1
135,22,323.0,221.0,14.0,15.0,0.914223,-1,-1,-1
122,23,328.0,211.0,12.0,15.0,0.838612,-1,-1,-1
123,23,327.0,213.0,13.0,18.0,0.838612,-1,-1,-1
124,23,326.0,218.0,15.0,19.0,0.838612,-1,-1,-1
125,23,326.0,219.0,14.0,18.0,0.838612,-1,-1,-1
126,23,326.0,219.0,14.0,18.0,0.838612,-1,-1,-1
127,23,326.0,220.0,15.0,17.0,0.838612,-1,-1,-1
128,23,326.0,219.0,15.0,16.0,0.838612,-1,-1,-1
129,23,325.0,220.0,13.0,17.0,0.838612,-1,-1,-1
130,23,327.0,220.0,13.0,17.0,0.838612,-1,-1,-1
131,23,326.0,221.0,12.0,17.0,0.838612,-1,-1,-1
132,23,325.0,221.0,13.0,17.0,0.838612,-1,-1,-1
133,23,324.0,221.0,14.0,17.0,0.838612,-1,-1,-1
134,23,326.0,222.0,13.0,17.0,0.838612,-1,-1,-1
135,23,324.0,222.0,14.0,16.0,0.838612,-1,-1,-1
136,23,323.0,222.0,13.0,15.0,0.838612,-1,-1,-1
137,23,322.0,222.0,13.0,15.0,0.838612,-1,-1,-1
138,23,322.0,223.0,12.0,14.0,0.838612,-1,-1,-1
139,23,322.0,223.0,13.0,15.0,0.838612,-1,-1,-1
140,23,322.0,224.0,12.0,15.0,0.838612,-1,-1,-1
141,23,322.0,224.0,12.0,15.0,0.838612,-1,-1,-1
133,24,349.0,179.0,11.0,11.0,0.801208,-1,-1,-1
134,24,348.0,179.0,11.0,11.0,0.801208,-1,-1,-1
135,24,349.0,179.0,11.0,11.0,0.801208,-1,-1,-1
136,24,348.0,179.0,11.0,11.0,0.801208,-1,-1,-1
137,24,349.0,180.0,11.0,12.0,0.801208,-1,-1,-1
138,24,348.0,180.0,11.0,11.0,0.801208,-1,-1,-1
139,24,349.0,181.0,11.0,12.0,0.801208,-1,-1,-1
140,24,348.0,182.0,12.0,11.0,0.801208,-1,-1,-1
141,24,348.0,182.0,11.0,11.0,0.801208,-1,-1,-1
142,24,348.0,184.0,11.0,10.0,0.801208,-1,-1,-1
143,24,348.0,184.0,11.0,10.0,0.801208,-1,-1,-1
144,24,349.0,184.0,11.0,11.0,0.801208,-1,-1,-1
150,25,708.0,411.0,57.0,52.0,0.951827,-1,-1,-1
151,25,710.0,410.0,56.0,53.0,0.951827,-1,-1,-1
152,25,708.0,410.0,55.0,50.0,0.951827,-1,-1,-1
123,26,310.0,288.0,20.0,28.0,0.915205,-1,-1,-1
124,26,310.0,291.0,19.0,26.0,0.915205,-1,-1,-1
125,26,310.0,291.0,20.0,26.0,0.915205,-1,-1,-1
126,26,310.0,291.0,20.0,25.0,0.915205,-1,-1,-1
127,26,310.0,291.0,19.0,24.0,0.915205,-1,-1,-1
128,26,310.0,292.0,19.0,22.0,0.915205,-1,-1,-1
129,26,311.0,293.0,18.0,21.0,0.915205,-1,-1,-1
130,26,311.0,293.0,19.0,22.0,0.915205,-1,-1,-1
131,26,310.0,293.0,19.0,21.0,0.915205,-1,-1,-1
132,26,311.0,293.0,19.0,21.0,0.915205,-1,-1,-1
133,26,311.0,293.0,19.0,22.0,0.915205,-1,-1,-1
134,26,311.0,294.0,19.0,21.0,0.915205,-1,-1,-1
135,26,311.0,295.0,19.0,22.0,0.915205,-1,-1,-1
136,26,311.0,295.0,20.0,22.0,0.915205,-1,-1,-1
137,26,311.0,295.0,19.0,22.0,0.915205,-1,-1,-1
138,26,310.0,296.0,20.0,21.0,0.915205,-1,-1,-1
139,26,310.0,296.0,20.0,21.0,0.915205,-1,-1,-1
140,26,310.0,295.0,20.0,23.0,0.915205,-1,-1,-1
141,26,309.0,296.0,21.0,23.0,0.915205,-1,-1,-1
142,26,309.0,296.0,21.0,23.0,0.915205,-1,-1,-1
143,26,310.0,296.0,21.0,21.0,0.915205,-1,-1,-1
144,26,310.0,296.0,21.0,23.0,0.915205,-1,-1,-1
145,26,309.0,296.0,21.0,24.0,0.915205,-1,-1,-1
146,26,310.0,296.0,20.0,23.0,0.915205,-1,-1,-1
147,26,310.0,296.0,20.0,23.0,0.915205,-1,-1,-1
148,26,310.0,296.0,19.0,23.0,0.915205,-1,-1,-1
149,26,310.0,296.0,19.0,23.0,0.915205,-1,-1,-1
150,26,310.0,296.0,19.0,23.0,0.915205,-1,-1,-1
151,26,310.0,296.0,19.0,23.0,0.915205,-1,-1,-1
152,26,310.0,297.0,19.0,23.0,0.915205,-1,-1,-1
153,26,310.0,297.0,20.0,24.0,0.915205,-1,-1,-1
138,27,325.0,203.0,12.0,12.0,0.921279,-1,-1,-1
139,27,325.0,203.0,13.0,12.0,0.921279,-1,-1,-1
140,27,325.0,203.0,12.0,11.0,0.921279,-1,-1,-1
141,27,325.0,203.0,12.0,12.0,0.921279,-1,-1,-1
142,27,325.0,204.0,12.0,12.0,0.921279,-1,-1,-1
143,27,325.0,204.0,12.0,12.0,0.921279,-1,-1,-1
144,27,325.0,204.0,13.0,13.0,0.921279,-1,-1,-1
145,27,324.0,204.0,13.0,13.0,0.921279,-1,-1,-1
146,27,324.0,204.0,13.0,13.0,0.921279,-1,-1,-1
147,27,324.0,204.0,13.0,13.0,0.921279,-1,-1,-1
148,27,324.0,205.0,13.0,13.0,0.921279,-1,-1,-1
149,27,324.0,205.0,13.0,13.0,0.921279,-1,-1,-1
150,27,324.0,205.0,13.0,13.0,0.921279,-1,-1,-1
151,27,324.0,206.0,13.0,13.0,0.921279,-1,-1,-1
152,27,323.0,206.0,13.0,13.0,0.921279,-1,-1,-1
153,27,324.0,207.0,13.0,13.0,0.921279,-1,-1,-1
155,28,325.0,216.0,13.0,12.0,0.949926,-1,-1,-1
156,28,325.0,219.0,12.0,12.0,0.949926,-1,-1,-1
157,28,324.0,219.0,12.0,12.0,0.949926,-1,-1,-1
158,28,324.0,219.0,12.0,13.0,0.949926,-1,-1,-1
159,28,324.0,220.0,12.0,12.0,0.949926,-1,-1,-1
156,29,318.0,240.0,12.0,16.0,0.839803,-1,-1,-1
157,29,318.0,241.0,12.0,16.0,0.839803,-1,-1,-1
158,29,318.0,242.0,12.0,16.0,0.839803,-1,-1,-1
159,29,318.0,242.0,12.0,16.0,0.839803,-1,-1,-1
160,29,318.0,243.0,12.0,15.0,0.839803,-1,-1,-1
161,29,317.0,244.0,12.0,15.0,0.839803,-1,-1,-1
154,30,330.0,214.0,10.0,13.0,0.963758,-1,-1,-1
155,30,330.0,216.0,11.0,14.0,0.963758,-1,-1,-1
156,30,330.0,218.0,10.0,15.0,0.963758,-1,-1,-1
157,30,330.0,219.0,10.0,15.0,0.963758,-1,-1,-1
158,30,330.0,219.0,10.0,15.0,0.963758,-1,-1,-1
159,30,330.0,220.0,10.0,15.0,0.963758,-1,-1,-1
160,30,324.0,220.0,13.0,13.0,0.963758,-1,-1,-1
161,30,324.0,220.0,13.0,12.0,0.963758,-1,-1,-1
162,30,324.0,220.0,13.0,13.0,0.963758,-1,-1,-1
163,30,324.0,221.0,13.0,13.0,0.963758,-1,-1,-1
164,30,324.0,221.0,13.0,13.0,0.963758,-1,-1,-1
165,30,323.0,222.0,13.0,14.0,0.963758,-1,-1,-1
166,30,324.0,222.0,13.0,13.0,0.963758,-1,-1,-1
167,30,323.0,222.0,13.0,14.0,0.963758,-1,-1,-1
168,30,323.0,223.0,13.0,14.0,0.963758,-1,-1,-1
169,30,323.0,223.0,12.0,14.0,0.963758,-1,-1,-1
170,30,323.0,223.0,13.0,15.0,0.963758,-1,-1,-1
171,30,322.0,224.0,13.0,15.0,0.963758,-1,-1,-1
172,30,323.0,224.0,12.0,14.0,0.963758,-1,-1,-1
173,30,323.0,224.0,12.0,15.0,0.963758,-1,-1,-1
174,30,323.0,224.0,12.0,15.0,0.963758,-1,-1,-1
131,31,331.0,198.0,10.0,14.0,0.876566,-1,-1,-1
132,31,332.0,197.0,11.0,14.0,0.876566,-1,-1,-1
133,31,332.0,198.0,10.0,13.0,0.876566,-1,-1,-1
134,31,332.0,199.0,10.0,13.0,0.876566,-1,-1,-1
135,31,331.0,200.0,11.0,15.0,0.876566,-1,-1,-1
136,31,331.0,200.0,11.0,14.0,0.876566,-1,-1,-1
137,31,331.0,201.0,11.0,15.0,0.876566,-1,-1,-1
138,31,331.0,202.0,10.0,14.0,0.876566,-1,-1,-1
139,31,331.0,202.0,10.0,14.0,0.876566,-1,-1,-1
140,31,332.0,202.0,9.0,13.0,0.876566,-1,-1,-1
141,31,332.0,202.0,10.0,14.0,0.876566,-1,-1,-1
142,31,331.0,203.0,9.0,14.0,0.876566,-1,-1,-1
143,31,331.0,203.0,10.0,14.0,0.876566,-1,-1,-1
144,31,331.0,204.0,10.0,14.0,0.876566,-1,-1,-1
145,31,329.0,204.0,11.0,15.0,0.876566,-1,-1,-1
146,31,329.0,205.0,11.0,14.0,0.876566,-1,-1,-1
147,31,330.0,205.0,11.0,15.0,0.876566,-1,-1,-1
148,31,330.0,205.0,10.0,14.0,0.876566,-1,-1,-1
149,31,330.0,205.0,10.0,14.0,0.876566,-1,-1,-1
150,31,329.0,206.0,10.0,14.0,0.876566,-1,-1,-1
151,31,330.0,206.0,10.0,14.0,0.876566,-1,-1,-1
152,31,329.0,207.0,10.0,14.0,0.876566,-1,-1,-1
153,31,328.0,207.0,10.0,14.0,0.876566,-1,-1,-1
154,31,328.0,210.0,10.0,14.0,0.876566,-1,-1,-1
155,31,328.0,213.0,11.0,15.0,0.876566,-1,-1,-1
156,31,328.0,214.0,11.0,15.0,0.876566,-1,-1,-1
157,31,329.0,216.0,10.0,14.0,0.876566,-1,-1,-1
158,31,328.0,217.0,10.0,14.0,0.876566,-1,-1,-1
159,31,329.0,218.0,10.0,14.0,0.876566,-1,-1,-1
160,31,328.0,218.0,10.0,15.0,0.876566,-1,-1,-1
161,31,329.0,219.0,10.0,14.0,0.876566,-1,-1,-1
162,31,328.0,219.0,10.0,15.0,0.876566,-1,-1,-1
163,31,328.0,220.0,10.0,15.0,0.876566,-1,-1,-1
164,31,328.0,221.0,11.0,15.0,0.876566,-1,-1,-1
165,31,328.0,222.0,11.0,16.0,0.876566,-1,-1,-1
166,31,328.0,222.0,10.0,16.0,0.876566,-1,-1,-1
167,31,327.0,222.0,10.0,15.0,0.876566,-1,-1,-1
168,31,327.0,223.0,10.0,16.0,0.876566,-1,-1,-1
169,31,326.0,223.0,11.0,15.0,0.876566,-1,-1,-1
170,31,327.0,223.0,10.0,16.0,0.876566,-1,-1,-1
171,31,326.0,224.0,11.0,15.0,0.876566,-1,-1,-1
172,31,326.0,224.0,11.0,15.0,0.876566,-1,-1,-1
173,31,327.0,224.0,10.0,16.0,0.876566,-1,-1,-1
174,31,326.0,224.0,10.0,15.0,0.876566,-1,-1,-1
175,31,323.0,225.0,12.0,14.0,0.876566,-1,-1,-1
176,31,322.0,225.0,13.0,15.0,0.876566,-1,-1,-1
177,31,322.0,225.0,13.0,15.0,0.876566,-1,-1,-1
147,32,349.0,185.0,11.0,11.0,0.922672,-1,-1,-1
148,32,349.0,185.0,11.0,11.0,0.922672,-1,-1,-1
149,32,349.0,185.0,11.0,11.0,0.922672,-1,-1,-1
150,32,350.0,186.0,11.0,10.0,0.922672,-1,-1,-1
151,32,350.0,186.0,11.0,11.0,0.922672,-1,-1,-1
152,32,350.0,186.0,11.0,11.0,0.922672,-1,-1,-1
153,32,350.0,186.0,11.0,11.0,0.922672,-1,-1,-1
154,32,350.0,189.0,11.0,11.0,0.922672,-1,-1,-1
155,32,350.0,194.0,11.0,11.0,0.922672,-1,-1,-1
156,32,350.0,196.0,11.0,11.0,0.922672,-1,-1,-1
157,32,350.0,198.0,11.0,11.0,0.922672,-1,-1,-1
158,32,350.0,198.0,11.0,11.0,0.922672,-1,-1,-1
159,32,350.0,198.0,11.0,11.0,0.922672,-1,-1,-1
160,32,350.0,198.0,11.0,11.0,0.922672,-1,-1,-1
161,32,350.0,199.0,12.0,12.0,0.922672,-1,-1,-1
162,32,350.0,199.0,11.0,12.0,0.922672,-1,-1,-1
163,32,351.0,200.0,11.0,12.0,0.922672,-1,-1,-1
164,32,351.0,200.0,11.0,12.0,0.922672,-1,-1,-1
165,32,351.0,200.0,11.0,12.0,0.922672,-1,-1,-1
166,32,351.0,200.0,11.0,12.0,0.922672,-1,-1,-1
167,32,351.0,201.0,11.0,12.0,0.922672,-1,-1,-1
168,32,351.0,201.0,10.0,12.0,0.922672,-1,-1,-1
169,32,352.0,202.0,11.0,12.0,0.922672,-1,-1,-1
170,32,352.0,202.0,10.0,12.0,0.922672,-1,-1,-1
171,32,352.0,202.0,10.0,11.0,0.922672,-1,-1,-1
172,32,352.0,203.0,11.0,11.0,0.922672,-1,-1,-1
173,32,351.0,203.0,11.0,11.0,0.922672,-1,-1,-1
174,32,352.0,203.0,11.0,11.0,0.922672,-1,-1,-1
175,32,352.0,204.0,11.0,11.0,0.922672,-1,-1,-1
176,32,352.0,204.0,11.0,11.0,0.922672,-1,-1,-1
177,32,352.0,205.0,11.0,11.0,0.922672,-1,-1,-1
178,32,352.0,206.0,11.0,11.0,0.922672,-1,-1,-1
179,32,352.0,207.0,11.0,11.0,0.922672,-1,-1,-1
181,33,319.0,290.0,16.0,18.0,0.914534,-1,-1,-1
182,33,319.0,290.0,16.0,18.0,0.914534,-1,-1,-1
183,33,319.0,290.0,15.0,18.0,0.914534,-1,-1,-1
184,33,320.0,291.0,15.0,18.0,0.914534,-1,-1,-1
185,33,319.0,291.0,16.0,17.0,0.914534,-1,-1,-1
186,33,320.0,291.0,16.0,18.0,0.914534,-1,-1,-1
187,33,320.0,291.0,16.0,18.0,0.914534,-1,-1,-1
188,33,320.0,292.0,16.0,18.0,0.914534,-1,-1,-1
189,33,318.0,292.0,16.0,19.0,0.914534,-1,-1,-1
190,33,320.0,292.0,16.0,19.0,0.914534,-1,-1,-1
191,33,320.0,293.0,16.0,18.0,0.914534,-1,-1,-1
192,33,320.0,293.0,16.0,18.0,0.914534,-1,-1,-1
193,33,320.0,294.0,16.0,18.0,0.914534,-1,-1,-1
194,33,320.0,295.0,16.0,17.0,0.914534,-1,-1,-1
195,33,320.0,294.0,15.0,18.0,0.914534,-1,-1,-1
196,33,321.0,295.0,15.0,17.0,0.914534,-1,-1,-1
197,33,321.0,295.0,15.0,17.0,0.914534,-1,-1,-1
198,33,323.0,296.0,14.0,15.0,0.914534,-1,-1,-1
199,33,324.0,296.0,14.0,16.0,0.914534,-1,-1,-1
200,33,323.0,296.0,14.0,16.0,0.914534,-1,-1,-1
201,33,323.0,296.0,14.0,17.0,0.914534,-1,-1,-1
155,34,310.0,304.0,19.0,26.0,0.971506,-1,-1,-1
156,34,311.0,306.0,19.0,24.0,0.971506,-1,-1,-1
157,34,311.0,307.0,19.0,23.0,0.971506,-1,-1,-1
158,34,312.0,308.0,19.0,22.0,0.971506,-1,-1,-1
159,34,312.0,308.0,19.0,22.0,0.971506,-1,-1,-1
160,34,311.0,309.0,20.0,23.0,0.971506,-1,-1,-1
161,34,312.0,308.0,19.0,22.0,0.971506,-1,-1,-1
162,34,311.0,308.0,19.0,22.0,0.971506,-1,-1,-1
163,34,312.0,309.0,19.0,22.0,0.971506,-1,-1,-1
164,34,312.0,309.0,18.0,21.0,0.971506,-1,-1,-1
165,34,313.0,309.0,18.0,21.0,0.971506,-1,-1,-1
166,34,312.0,309.0,18.0,21.0,0.971506,-1,-1,-1
167,34,311.0,310.0,19.0,21.0,0.971506,-1,-1,-1
168,34,312.0,310.0,18.0,20.0,0.971506,-1,-1,-1
169,34,311.0,310.0,19.0,21.0,0.971506,-1,-1,-1
170,34,311.0,311.0,19.0,21.0,0.971506,-1,-1,-1
171,34,312.0,311.0,18.0,20.0,0.971506,-1,-1,-1
172,34,312.0,311.0,19.0,21.0,0.971506,-1,-1,-1
173,34,311.0,311.0,19.0,21.0,0.971506,-1,-1,-1
174,34,311.0,312.0,19.0,21.0,0.971506,-1,-1,-1
175,34,311.0,312.0,19.0,21.0,0.971506,-1,-1,-1
176,34,312.0,312.0,18.0,21.0,0.971506,-1,-1,-1
177,34,312.0,312.0,18.0,21.0,0.971506,-1,-1,-1
178,34,312.0,312.0,18.0,21.0,0.971506,-1,-1,-1
179,34,312.0,313.0,18.0,20.0,0.971506,-1,-1,-1
180,34,313.0,312.0,18.0,21.0,0.971506,-1,-1,-1
181,34,312.0,313.0,19.0,23.0,0.971506,-1,-1,-1
182,34,312.0,313.0,19.0,21.0,0.971506,-1,-1,-1
183,34,313.0,314.0,18.0,21.0,0.971506,-1,-1,-1
184,34,312.0,314.0,19.0,21.0,0.971506,-1,-1,-1
185,34,313.0,314.0,20.0,22.0,0.971506,-1,-1,-1
186,34,312.0,315.0,20.0,22.0,0.971506,-1,-1,-1
187,34,312.0,315.0,21.0,21.0,0.971506,-1,-1,-1
188,34,312.0,315.0,21.0,21.0,0.971506,-1,-1,-1
189,34,311.0,315.0,22.0,22.0,0.971506,-1,-1,-1
190,34,312.0,316.0,21.0,22.0,0.971506,-1,-1,-1
191,34,312.0,316.0,22.0,21.0,0.971506,-1,-1,-1
192,34,312.0,317.0,22.0,22.0,0.971506,-1,-1,-1
193,34,312.0,318.0,23.0,22.0,0.971506,-1,-1,-1
194,34,313.0,318.0,22.0,21.0,0.971506,-1,-1,-1
195,34,312.0,318.0,24.0,23.0,0.971506,-1,-1,-1
196,34,311.0,318.0,23.0,24.0,0.971506,-1,-1,-1
197,34,312.0,318.0,23.0,24.0,0.971506,-1,-1,-1
198,34,312.0,318.0,23.0,24.0,0.971506,-1,-1,-1
199,34,313.0,318.0,22.0,26.0,0.971506,-1,-1,-1
200,34,313.0,319.0,23.0,25.0,0.971506,-1,-1,-1
201,34,313.0,319.0,23.0,26.0,0.971506,-1,-1,-1
202,34,313.0,319.0,22.0,25.0,0.971506,-1,-1,-1
203,34,315.0,320.0,21.0,25.0,0.971506,-1,-1,-1
204,34,317.0,320.0,24.0,23.0,0.971506,-1,-1,-1
195,35,327.0,239.0,12.0,15.0,0.847813,-1,-1,-1
196,35,326.0,240.0,12.0,15.0,0.847813,-1,-1,-1
197,35,326.0,240.0,12.0,15.0,0.847813,-1,-1,-1
198,35,326.0,240.0,12.0,16.0,0.847813,-1,-1,-1
199,35,326.0,240.0,12.0,16.0,0.847813,-1,-1,-1
200,35,326.0,240.0,13.0,16.0,0.847813,-1,-1,-1
201,35,326.0,240.0,13.0,17.0,0.847813,-1,-1,-1
202,35,325.0,241.0,14.0,16.0,0.847813,-1,-1,-1
203,35,328.0,242.0,12.0,16.0,0.847813,-1,-1,-1
204,35,332.0,244.0,14.0,15.0,0.847813,-1,-1,-1
205,35,336.0,240.0,14.0,16.0,0.847813,-1,-1,-1
206,36,333.0,319.0,22.0,23.0,0.96776,-1,-1,-1
207,36,335.0,320.0,21.0,20.0,0.96776,-1,-1,-1
208,36,337.0,320.0,20.0,22.0,0.96776,-1,-1,-1
209,36,335.0,319.0,23.0,22.0,0.96776,-1,-1,-1
217,37,344.0,271.0,14.0,17.0,0.903623,-1,-1,-1
218,37,343.0,272.0,13.0,17.0,0.903623,-1,-1,-1
219,37,343.0,272.0,14.0,17.0,0.903623,-1,-1,-1
220,37,344.0,272.0,13.0,17.0,0.903623,-1,-1,-1
221,37,343.0,273.0,14.0,17.0,0.903623,-1,-1,-1
222,37,343.0,273.0,13.0,17.0,0.903623,-1,-1,-1
223,37,343.0,273.0,13.0,17.0,0.903623,-1,-1,-1
224,37,343.0,273.0,13.0,17.0,0.903623,-1,-1,-1
225,37,343.0,274.0,13.0,17.0,0.903623,-1,-1,-1
219,38,347.0,245.0,17.0,16.0,0.906513,-1,-1,-1
220,38,348.0,246.0,16.0,15.0,0.906513,-1,-1,-1
221,38,348.0,246.0,17.0,15.0,0.906513,-1,-1,-1
222,38,347.0,247.0,17.0,15.0,0.906513,-1,-1,-1
223,38,349.0,248.0,16.0,15.0,0.906513,-1,-1,-1
224,38,348.0,249.0,16.0,14.0,0.906513,-1,-1,-1
225,38,348.0,249.0,16.0,14.0,0.906513,-1,-1,-1
207,39,378.0,215.0,11.0,11.0,0.891196,-1,-1,-1
208,39,379.0,215.0,11.0,11.0,0.891196,-1,-1,-1
209,39,378.0,217.0,11.0,10.0,0.891196,-1,-1,-1
210,39,379.0,217.0,11.0,11.0,0.891196,-1,-1,-1
211,39,379.0,217.0,11.0,11.0,0.891196,-1,-1,-1
212,39,379.0,218.0,11.0,11.0,0.891196,-1,-1,-1
213,39,379.0,218.0,11.0,11.0,0.891196,-1,-1,-1
214,39,380.0,218.0,11.0,11.0,0.891196,-1,-1,-1
215,39,380.0,219.0,11.0,11.0,0.891196,-1,-1,-1
216,39,379.0,219.0,11.0,11.0,0.891196,-1,-1,-1
217,39,379.0,220.0,11.0,11.0,0.891196,-1,-1,-1
218,39,378.0,219.0,11.0,11.0,0.891196,-1,-1,-1
219,39,378.0,219.0,12.0,12.0,0.891196,-1,-1,-1
220,39,378.0,219.0,12.0,12.0,0.891196,-1,-1,-1
221,39,379.0,219.0,12.0,12.0,0.891196,-1,-1,-1
222,39,379.0,220.0,11.0,12.0,0.891196,-1,-1,-1
223,39,379.0,221.0,11.0,12.0,0.891196,-1,-1,-1
224,39,379.0,220.0,11.0,12.0,0.891196,-1,-1,-1
225,39,379.0,221.0,11.0,12.0,0.891196,-1,-1,-1
226,39,381.0,221.0,11.0,12.0,0.891196,-1,-1,-1
229,40,411.0,220.0,11.0,13.0,0.927624,-1,-1,-1
230,40,415.0,220.0,11.0,12.0,0.927624,-1,-1,-1
231,40,416.0,220.0,11.0,12.0,0.927624,-1,-1,-1
232,40,415.0,220.0,11.0,12.0,0.927624,-1,-1,-1
233,40,415.0,220.0,11.0,12.0,0.927624,-1,-1,-1
234,40,416.0,220.0,11.0,12.0,0.927624,-1,-1,-1
235,40,416.0,221.0,11.0,12.0,0.927624,-1,-1,-1
236,40,416.0,221.0,10.0,12.0,0.927624,-1,-1,-1
237,40,416.0,222.0,10.0,11.0,0.927624,-1,-1,-1
238,40,416.0,223.0,10.0,11.0,0.927624,-1,-1,-1
241,41,387.0,253.0,12.0,14.0,0.890664,-1,-1,-1
242,41,387.0,253.0,12.0,14.0,0.890664,-1,-1,-1
243,41,388.0,254.0,13.0,14.0,0.890664,-1,-1,-1
244,41,390.0,254.0,14.0,14.0,0.890664,-1,-1,-1
235,42,374.0,275.0,13.0,16.0,0.826429,-1,-1,-1
236,42,374.0,275.0,13.0,17.0,0.826429,-1,-1,-1
237,42,374.0,275.0,13.0,17.0,0.826429,-1,-1,-1
238,42,375.0,276.0,12.0,16.0,0.826429,-1,-1,-1
239,42,375.0,275.0,12.0,17.0,0.826429,-1,-1,-1
240,42,375.0,276.0,12.0,17.0,0.826429,-1,-1,-1
241,42,376.0,277.0,12.0,16.0,0.826429,-1,-1,-1
242,42,377.0,277.0,12.0,16.0,0.826429,-1,-1,-1
243,42,377.0,277.0,12.0,16.0,0.826429,-1,-1,-1
244,42,382.0,278.0,12.0,16.0,0.826429,-1,-1,-1
245,42,387.0,277.0,12.0,16.0,0.826429,-1,-1,-1
242,43,390.0,252.0,13.0,14.0,0.931377,-1,-1,-1
243,43,390.0,253.0,14.0,13.0,0.931377,-1,-1,-1
244,43,393.0,253.0,15.0,13.0,0.931377,-1,-1,-1
245,43,399.0,253.0,13.0,13.0,0.931377,-1,-1,-1
251,44,421.0,253.0,14.0,14.0,0.851741,-1,-1,-1
252,44,421.0,254.0,13.0,14.0,0.851741,-1,-1,-1
253,44,422.0,254.0,14.0,14.0,0.851741,-1,-1,-1
254,44,421.0,254.0,14.0,14.0,0.851741,-1,-1,-1
255,44,422.0,255.0,13.0,13.0,0.851741,-1,-1,-1
256,44,421.0,255.0,13.0,13.0,0.851741,-1,-1,-1
257,44,421.0,255.0,14.0,13.0,0.851741,-1,-1,-1
258,44,421.0,255.0,14.0,13.0,0.851741,-1,-1,-1
259,44,421.0,259.0,14.0,14.0,0.851741,-1,-1,-1
247,45,419.0,251.0,13.0,15.0,0.858672,-1,-1,-1
248,45,422.0,251.0,13.0,14.0,0.858672,-1,-1,-1
249,45,426.0,251.0,14.0,13.0,0.858672,-1,-1,-1
250,45,425.0,252.0,14.0,13.0,0.858672,-1,-1,-1
251,45,424.0,252.0,15.0,13.0,0.858672,-1,-1,-1
252,45,424.0,252.0,14.0,13.0,0.858672,-1,-1,-1
253,45,424.0,253.0,15.0,13.0,0.858672,-1,-1,-1
254,45,424.0,253.0,14.0,13.0,0.858672,-1,-1,-1
255,45,425.0,253.0,14.0,13.0,0.858672,-1,-1,-1
256,45,424.0,253.0,14.0,13.0,0.858672,-1,-1,-1
257,45,424.0,253.0,14.0,13.0,0.858672,-1,-1,-1
258,45,424.0,254.0,15.0,13.0,0.858672,-1,-1,-1
259,45,422.0,256.0,14.0,13.0,0.858672,-1,-1,-1
260,45,425.0,256.0,11.0,13.0,0.858672,-1,-1,-1
179,46,455.0,283.0,30.0,33.0,0.998939,-1,-1,-1
180,46,455.0,283.0,30.0,33.0,0.998939,-1,-1,-1
181,46,454.0,283.0,31.0,33.0,0.998939,-1,-1,-1
182,46,454.0,283.0,31.0,32.0,0.998939,-1,-1,-1
183,46,454.0,282.0,31.0,32.0,0.998939,-1,-1,-1
184,46,453.0,282.0,31.0,33.0,0.998939,-1,-1,-1
185,46,453.0,283.0,31.0,33.0,0.998939,-1,-1,-1
186,46,453.0,282.0,31.0,33.0,0.998939,-1,-1,-1
187,46,452.0,281.0,32.0,34.0,0.998939,-1,-1,-1
188,46,451.0,281.0,32.0,34.0,0.998939,-1,-1,-1
189,46,450.0,281.0,32.0,33.0,0.998939,-1,-1,-1
190,46,450.0,281.0,32.0,33.0,0.998939,-1,-1,-1
191,46,451.0,281.0,30.0,32.0,0.998939,-1,-1,-1
192,46,448.0,280.0,31.0,32.0,0.998939,-1,-1,-1
193,46,448.0,280.0,31.0,32.0,0.998939,-1,-1,-1
194,46,447.0,279.0,32.0,33.0,0.998939,-1,-1,-1
195,46,448.0,279.0,31.0,32.0,0.998939,-1,-1,-1
196,46,448.0,280.0,30.0,32.0,0.998939,-1,-1,-1
197,46,448.0,280.0,30.0,32.0,0.998939,-1,-1,-1
198,46,449.0,281.0,29.0,30.0,0.998939,-1,-1,-1
199,46,448.0,281.0,28.0,30.0,0.998939,-1,-1,-1
200,46,447.0,280.0,29.0,32.0,0.998939,-1,-1,-1
201,46,448.0,281.0,28.0,31.0,0.998939,-1,-1,-1
202,46,448.0,280.0,28.0,31.0,0.998939,-1,-1,-1
203,46,449.0,280.0,29.0,32.0,0.998939,-1,-1,-1
204,46,450.0,279.0,32.0,33.0,0.998939,-1,-1,-1
205,46,458.0,277.0,28.0,34.0,0.998939,-1,-1,-1
206,46,464.0,278.0,29.0,34.0,0.998939,-1,-1,-1
207,46,466.0,277.0,29.0,33.0,0.998939,-1,-1,-1
208,46,466.0,277.0,28.0,33.0,0.998939,-1,-1,-1
209,46,467.0,277.0,28.0,33.0,0.998939,-1,-1,-1
210,46,466.0,275.0,27.0,32.0,0.998939,-1,-1,-1
211,46,466.0,275.0,28.0,33.0,0.998939,-1,-1,-1
212,46,465.0,275.0,28.0,33.0,0.998939,-1,-1,-1
213,46,464.0,274.0,28.0,33.0,0.998939,-1,-1,-1
214,46,464.0,273.0,28.0,35.0,0.998939,-1,-1,-1
215,46,465.0,273.0,27.0,33.0,0.998939,-1,-1,-1
216,46,463.0,272.0,29.0,35.0,0.998939,-1,-1,-1
217,46,464.0,272.0,28.0,35.0,0.998939,-1,-1,-1
218,46,463.0,272.0,28.0,32.0,0.998939,-1,-1,-1
219,46,464.0,272.0,27.0,32.0,0.998939,-1,-1,-1
220,46,463.0,272.0,26.0,30.0,0.998939,-1,-1,-1
221,46,461.0,272.0,28.0,32.0,0.998939,-1,-1,-1
222,46,460.0,271.0,28.0,31.0,0.998939,-1,-1,-1
223,46,460.0,271.0,28.0,30.0,0.998939,-1,-1,-1
224,46,459.0,271.0,28.0,30.0,0.998939,-1,-1,-1
225,46,459.0,271.0,28.0,30.0,0.998939,-1,-1,-1
226,46,461.0,271.0,27.0,31.0,0.998939,-1,-1,-1
227,46,467.0,269.0,29.0,32.0,0.998939,-1,-1,-1
228,46,478.0,270.0,26.0,30.0,0.998939,-1,-1,-1
229,46,487.0,267.0,29.0,33.0,0.998939,-1,-1,-1
230,46,490.0,268.0,27.0,32.0,0.998939,-1,-1,-1
231,46,488.0,268.0,30.0,34.0,0.998939,-1,-1,-1
232,46,489.0,267.0,28.0,34.0,0.998939,-1,-1,-1
233,46,489.0,267.0,28.0,33.0,0.998939,-1,-1,-1
234,46,488.0,267.0,29.0,33.0,0.998939,-1,-1,-1
235,46,488.0,266.0,29.0,33.0,0.998939,-1,-1,-1
236,46,487.0,266.0,29.0,33.0,0.998939,-1,-1,-1
237,46,486.0,265.0,31.0,37.0,0.998939,-1,-1,-1
238,46,487.0,265.0,30.0,39.0,0.998939,-1,-1,-1
239,46,489.0,266.0,28.0,33.0,0.998939,-1,-1,-1
240,46,489.0,265.0,28.0,34.0,0.998939,-1,-1,-1
241,46,489.0,265.0,27.0,33.0,0.998939,-1,-1,-1
242,46,490.0,265.0,27.0,33.0,0.998939,-1,-1,-1
243,46,491.0,264.0,26.0,32.0,0.998939,-1,-1,-1
244,46,495.0,264.0,24.0,31.0,0.998939,-1,-1,-1
245,46,501.0,266.0,24.0,33.0,0.998939,-1,-1,-1
246,46,510.0,263.0,25.0,30.0,0.998939,-1,-1,-1
247,46,519.0,264.0,26.0,30.0,0.998939,-1,-1,-1
248,46,523.0,263.0,26.0,32.0,0.998939,-1,-1,-1
249,46,523.0,263.0,26.0,31.0,0.998939,-1,-1,-1
250,46,524.0,262.0,25.0,33.0,0.998939,-1,-1,-1
251,46,522.0,262.0,27.0,32.0,0.998939,-1,-1,-1
252,46,522.0,261.0,26.0,32.0,0.998939,-1,-1,-1
253,46,522.0,261.0,27.0,32.0,0.998939,-1,-1,-1
254,46,522.0,260.0,26.0,31.0,0.998939,-1,-1,-1
255,46,522.0,260.0,26.0,31.0,0.998939,-1,-1,-1
256,46,522.0,260.0,25.0,30.0,0.998939,-1,-1,-1
257,46,521.0,260.0,25.0,31.0,0.998939,-1,-1,-1
258,46,521.0,260.0,25.0,30.0,0.998939,-1,-1,-1
259,46,521.0,259.0,24.0,30.0,0.998939,-1,-1,-1
260,46,522.0,259.0,25.0,30.0,0.998939,-1,-1,-1
261,46,530.0,259.0,23.0,29.0,0.998939,-1,-1,-1
263,47,562.0,259.0,23.0,32.0,0.986997,-1,-1,-1
264,47,574.0,259.0,24.0,32.0,0.986997,-1,-1,-1
265,47,578.0,260.0,21.0,31.0,0.986997,-1,-1,-1
264,48,510.0,228.0,10.0,11.0,0.888979,-1,-1,-1
265,48,512.0,229.0,11.0,11.0,0.888979,-1,-1,-1
266,48,512.0,228.0,11.0,11.0,0.888979,-1,-1,-1
267,49,483.0,260.0,13.0,13.0,0.819069,-1,-1,-1
268,49,484.0,260.0,12.0,13.0,0.819069,-1,-1,-1
269,49,483.0,259.0,12.0,14.0,0.819069,-1,-1,-1
270,49,480.0,262.0,14.0,13.0,0.819069,-1,-1,-1
271,49,480.0,262.0,14.0,13.0,0.819069,-1,-1,-1
265,50,470.0,279.0,13.0,16.0,0.953788,-1,-1,-1
266,50,470.0,279.0,13.0,16.0,0.953788,-1,-1,-1
267,50,470.0,280.0,13.0,16.0,0.953788,-1,-1,-1
268,50,470.0,280.0,13.0,16.0,0.953788,-1,-1,-1
269,50,470.0,280.0,13.0,16.0,0.953788,-1,-1,-1
270,50,469.0,281.0,13.0,16.0,0.953788,-1,-1,-1
271,50,470.0,281.0,14.0,17.0,0.953788,-1,-1,-1
272,50,468.0,281.0,13.0,18.0,0.953788,-1,-1,-1
273,50,468.0,282.0,14.0,17.0,0.953788,-1,-1,-1
274,50,468.0,282.0,14.0,16.0,0.953788,-1,-1,-1
275,50,469.0,283.0,13.0,16.0,0.953788,-1,-1,-1
276,50,469.0,282.0,14.0,17.0,0.953788,-1,-1,-1
266,51,485.0,257.0,11.0,12.0,0.84027,-1,-1,-1
267,51,485.0,257.0,12.0,13.0,0.84027,-1,-1,-1
268,51,486.0,258.0,12.0,13.0,0.84027,-1,-1,-1
269,51,486.0,258.0,12.0,14.0,0.84027,-1,-1,-1
270,51,483.0,259.0,13.0,14.0,0.84027,-1,-1,-1
271,51,483.0,259.0,13.0,14.0,0.84027,-1,-1,-1
272,51,484.0,259.0,13.0,14.0,0.84027,-1,-1,-1
273,51,484.0,259.0,13.0,14.0,0.84027,-1,-1,-1
274,51,484.0,260.0,13.0,14.0,0.84027,-1,-1,-1
275,51,484.0,261.0,12.0,14.0,0.84027,-1,-1,-1
276,51,484.0,260.0,14.0,14.0,0.84027,-1,-1,-1
277,51,491.0,260.0,13.0,15.0,0.84027,-1,-1,-1
270,52,576.0,257.0,23.0,33.0,0.810059,-1,-1,-1
271,52,575.0,257.0,23.0,33.0,0.810059,-1,-1,-1
272,52,575.0,257.0,23.0,33.0,0.810059,-1,-1,-1
273,52,575.0,256.0,22.0,33.0,0.810059,-1,-1,-1
274,52,574.0,256.0,22.0,33.0,0.810059,-1,-1,-1
275,52,576.0,258.0,21.0,28.0,0.810059,-1,-1,-1
276,52,578.0,258.0,21.0,28.0,0.810059,-1,-1,-1
277,52,583.0,257.0,22.0,32.0,0.810059,-1,-1,-1
280,53,521.0,285.0,15.0,15.0,0.893392,-1,-1,-1
281,53,520.0,286.0,14.0,15.0,0.893392,-1,-1,-1
282,53,520.0,286.0,14.0,15.0,0.893392,-1,-1,-1
283,53,520.0,286.0,14.0,15.0,0.893392,-1,-1,-1
284,53,520.0,286.0,15.0,15.0,0.893392,-1,-1,-1
280,54,531.0,261.0,14.0,14.0,0.851633,-1,-1,-1
281,54,535.0,264.0,13.0,13.0,0.851633,-1,-1,-1
282,54,535.0,264.0,13.0,13.0,0.851633,-1,-1,-1
283,54,535.0,264.0,13.0,13.0,0.851633,-1,-1,-1
284,54,534.0,265.0,13.0,13.0,0.851633,-1,-1,-1
285,54,535.0,265.0,13.0,14.0,0.851633,-1,-1,-1
286,54,535.0,265.0,14.0,14.0,0.851633,-1,-1,-1
280,55,515.0,284.0,14.0,16.0,0.934292,-1,-1,-1
281,55,517.0,284.0,14.0,15.0,0.934292,-1,-1,-1
282,55,518.0,284.0,14.0,15.0,0.934292,-1,-1,-1
283,55,517.0,284.0,14.0,15.0,0.934292,-1,-1,-1
284,55,517.0,285.0,14.0,16.0,0.934292,-1,-1,-1
285,55,519.0,286.0,15.0,15.0,0.934292,-1,-1,-1
286,55,519.0,286.0,15.0,16.0,0.934292,-1,-1,-1
287,55,518.0,286.0,15.0,16.0,0.934292,-1,-1,-1
293,56,618.0,253.0,22.0,31.0,0.853055,-1,-1,-1
294,56,617.0,253.0,22.0,31.0,0.853055,-1,-1,-1
295,56,618.0,254.0,22.0,29.0,0.853055,-1,-1,-1
296,56,618.0,254.0,21.0,28.0,0.853055,-1,-1,-1
298,57,617.0,252.0,21.0,29.0,0.897071,-1,-1,-1
299,57,617.0,252.0,21.0,30.0,0.897071,-1,-1,-1
300,57,617.0,251.0,20.0,30.0,0.897071,-1,-1,-1
301,57,617.0,251.0,20.0,30.0,0.897071,-1,-1,-1
302,57,616.0,250.0,21.0,31.0,0.897071,-1,-1,-1
303,57,615.0,248.0,23.0,32.0,0.897071,-1,-1,-1
304,57,615.0,249.0,22.0,31.0,0.897071,-1,-1,-1
305,57,614.0,248.0,22.0,32.0,0.897071,-1,-1,-1
306,57,614.0,248.0,22.0,33.0,0.897071,-1,-1,-1
307,57,614.0,249.0,22.0,30.0,0.897071,-1,-1,-1
308,57,613.0,248.0,22.0,30.0,0.897071,-1,-1,-1
279,58,520.0,263.0,12.0,13.0,0.85516,-1,-1,-1
280,58,525.0,263.0,16.0,13.0,0.85516,-1,-1,-1
281,58,530.0,266.0,15.0,11.0,0.85516,-1,-1,-1
282,58,531.0,266.0,15.0,11.0,0.85516,-1,-1,-1
283,58,530.0,266.0,15.0,11.0,0.85516,-1,-1,-1
284,58,530.0,267.0,15.0,12.0,0.85516,-1,-1,-1
285,58,531.0,267.0,15.0,12.0,0.85516,-1,-1,-1
286,58,531.0,267.0,15.0,12.0,0.85516,-1,-1,-1
287,58,534.0,265.0,14.0,14.0,0.85516,-1,-1,-1
288,58,534.0,266.0,13.0,14.0,0.85516,-1,-1,-1
289,58,535.0,266.0,13.0,13.0,0.85516,-1,-1,-1
290,58,534.0,266.0,14.0,14.0,0.85516,-1,-1,-1
291,58,533.0,266.0,14.0,13.0,0.85516,-1,-1,-1
292,58,534.0,266.0,14.0,14.0,0.85516,-1,-1,-1
293,58,534.0,267.0,14.0,14.0,0.85516,-1,-1,-1
294,58,532.0,268.0,14.0,13.0,0.85516,-1,-1,-1
295,58,532.0,268.0,14.0,14.0,0.85516,-1,-1,-1
296,58,533.0,268.0,13.0,13.0,0.85516,-1,-1,-1
297,58,533.0,269.0,13.0,13.0,0.85516,-1,-1,-1
298,58,534.0,270.0,12.0,13.0,0.85516,-1,-1,-1
299,58,534.0,270.0,13.0,13.0,0.85516,-1,-1,-1
300,58,534.0,271.0,12.0,13.0,0.85516,-1,-1,-1
301,58,535.0,271.0,13.0,13.0,0.85516,-1,-1,-1
302,58,534.0,272.0,13.0,13.0,0.85516,-1,-1,-1
303,58,535.0,272.0,12.0,13.0,0.85516,-1,-1,-1
304,58,534.0,273.0,12.0,13.0,0.85516,-1,-1,-1
305,58,534.0,273.0,12.0,13.0,0.85516,-1,-1,-1
306,58,533.0,274.0,13.0,15.0,0.85516,-1,-1,-1
307,58,532.0,274.0,13.0,15.0,0.85516,-1,-1,-1
308,58,533.0,275.0,13.0,14.0,0.85516,-1,-1,-1
309,58,532.0,275.0,13.0,14.0,0.85516,-1,-1,-1
310,58,533.0,275.0,15.0,15.0,0.85516,-1,-1,-1
311,58,535.0,276.0,14.0,15.0,0.85516,-1,-1,-1
314,59,616.0,223.0,10.0,11.0,0.810403,-1,-1,-1
315,59,613.0,220.0,10.0,10.0,0.810403,-1,-1,-1
316,59,612.0,221.0,10.0,11.0,0.810403,-1,-1,-1
317,59,613.0,222.0,10.0,10.0,0.810403,-1,-1,-1
318,59,613.0,222.0,9.0,10.0,0.810403,-1,-1,-1
319,59,613.0,222.0,10.0,10.0,0.810403,-1,-1,-1
320,59,613.0,222.0,10.0,11.0,0.810403,-1,-1,-1
321,59,613.0,222.0,9.0,11.0,0.810403,-1,-1,-1
322,59,612.0,223.0,10.0,10.0,0.810403,-1,-1,-1
323,59,612.0,223.0,10.0,11.0,0.810403,-1,-1,-1
314,60,567.0,297.0,14.0,17.0,0.929658,-1,-1,-1
315,60,574.0,298.0,13.0,16.0,0.929658,-1,-1,-1
316,60,577.0,298.0,14.0,15.0,0.929658,-1,-1,-1
317,60,577.0,298.0,14.0,15.0,0.929658,-1,-1,-1
318,60,577.0,298.0,14.0,16.0,0.929658,-1,-1,-1
319,60,577.0,297.0,14.0,16.0,0.929658,-1,-1,-1
320,60,578.0,298.0,14.0,15.0,0.929658,-1,-1,-1
321,60,579.0,298.0,14.0,16.0,0.929658,-1,-1,-1
322,60,578.0,297.0,14.0,16.0,0.929658,-1,-1,-1
323,60,578.0,298.0,14.0,16.0,0.929658,-1,-1,-1
324,60,578.0,298.0,14.0,16.0,0.929658,-1,-1,-1
325,60,579.0,297.0,14.0,16.0,0.929658,-1,-1,-1
326,60,579.0,298.0,14.0,15.0,0.929658,-1,-1,-1
314,61,583.0,279.0,13.0,13.0,0.882671,-1,-1,-1
315,61,587.0,280.0,14.0,14.0,0.882671,-1,-1,-1
316,61,587.0,282.0,13.0,14.0,0.882671,-1,-1,-1
317,61,587.0,283.0,13.0,13.0,0.882671,-1,-1,-1
318,61,588.0,283.0,13.0,13.0,0.882671,-1,-1,-1
319,61,588.0,283.0,13.0,13.0,0.882671,-1,-1,-1
320,61,587.0,284.0,13.0,13.0,0.882671,-1,-1,-1
321,61,588.0,284.0,13.0,14.0,0.882671,-1,-1,-1
322,61,587.0,284.0,13.0,14.0,0.882671,-1,-1,-1
323,61,588.0,284.0,13.0,14.0,0.882671,-1,-1,-1
324,61,588.0,285.0,13.0,14.0,0.882671,-1,-1,-1
325,61,588.0,285.0,13.0,14.0,0.882671,-1,-1,-1
326,61,588.0,285.0,13.0,14.0,0.882671,-1,-1,-1
316,62,591.0,282.0,13.0,12.0,0.803825,-1,-1,-1
317,62,592.0,282.0,13.0,12.0,0.803825,-1,-1,-1
318,62,592.0,282.0,13.0,12.0,0.803825,-1,-1,-1
319,62,592.0,282.0,13.0,12.0,0.803825,-1,-1,-1
320,62,592.0,283.0,14.0,12.0,0.803825,-1,-1,-1
321,62,591.0,284.0,14.0,12.0,0.803825,-1,-1,-1
322,62,591.0,284.0,14.0,12.0,0.803825,-1,-1,-1
323,62,592.0,284.0,14.0,12.0,0.803825,-1,-1,-1
324,62,592.0,284.0,14.0,12.0,0.803825,-1,-1,-1
325,62,592.0,284.0,14.0,12.0,0.803825,-1,-1,-1
326,62,593.0,284.0,13.0,12.0,0.803825,-1,-1,-1
329,63,612.0,225.0,10.0,11.0,0.83483,-1,-1,-1
330,63,611.0,225.0,11.0,11.0,0.83483,-1,-1,-1
331,63,612.0,225.0,11.0,11.0,0.83483,-1,-1,-1
332,63,611.0,228.0,11.0,12.0,0.83483,-1,-1,-1
333,63,611.0,229.0,10.0,11.0,0.83483,-1,-1,-1
334,63,612.0,230.0,10.0,11.0,0.83483,-1,-1,-1
329,64,618.0,256.0,11.0,14.0,0.840395,-1,-1,-1
330,64,618.0,257.0,11.0,14.0,0.840395,-1,-1,-1
331,64,618.0,258.0,11.0,14.0,0.840395,-1,-1,-1
332,64,618.0,258.0,11.0,14.0,0.840395,-1,-1,-1
333,64,619.0,258.0,11.0,13.0,0.840395,-1,-1,-1
334,64,619.0,259.0,11.0,13.0,0.840395,-1,-1,-1
328,65,676.0,249.0,19.0,30.0,0.89591,-1,-1,-1
329,65,676.0,249.0,19.0,30.0,0.89591,-1,-1,-1
330,65,676.0,249.0,18.0,29.0,0.89591,-1,-1,-1
331,65,676.0,248.0,18.0,29.0,0.89591,-1,-1,-1
332,65,676.0,248.0,18.0,28.0,0.89591,-1,-1,-1
333,65,676.0,249.0,18.0,27.0,0.89591,-1,-1,-1
334,65,676.0,249.0,18.0,26.0,0.89591,-1,-1,-1
335,65,676.0,248.0,17.0,27.0,0.89591,-1,-1,-1
336,65,675.0,247.0,17.0,26.0,0.89591,-1,-1,-1
337,65,675.0,248.0,17.0,26.0,0.89591,-1,-1,-1
339,66,611.0,234.0,10.0,10.0,0.831333,-1,-1,-1
340,66,610.0,235.0,10.0,10.0,0.831333,-1,-1,-1
341,66,610.0,235.0,10.0,11.0,0.831333,-1,-1,-1
342,66,610.0,236.0,10.0,11.0,0.831333,-1,-1,-1
343,66,611.0,236.0,10.0,11.0,0.831333,-1,-1,-1
344,66,611.0,237.0,10.0,11.0,0.831333,-1,-1,-1
345,66,611.0,237.0,10.0,11.0,0.831333,-1,-1,-1
346,66,611.0,238.0,10.0,10.0,0.831333,-1,-1,-1
347,66,611.0,238.0,10.0,10.0,0.831333,-1,-1,-1
348,66,611.0,238.0,10.0,10.0,0.831333,-1,-1,-1
349,66,611.0,238.0,10.0,10.0,0.831333,-1,-1,-1
350,66,611.0,238.0,10.0,10.0,0.831333,-1,-1,-1
351,66,611.0,239.0,10.0,10.0,0.831333,-1,-1,-1
365,67,668.0,239.0,18.0,20.0,0.936628,-1,-1,-1
366,67,668.0,238.0,17.0,20.0,0.936628,-1,-1,-1
367,67,667.0,238.0,17.0,21.0,0.936628,-1,-1,-1
368,67,668.0,238.0,16.0,20.0,0.936628,-1,-1,-1
369,67,668.0,238.0,17.0,20.0,0.936628,-1,-1,-1
370,67,668.0,237.0,17.0,21.0,0.936628,-1,-1,-1
